8(1)->Gegner->2(2)
8(1)->Gegner->4(2)
8(1)->Gegner->16(2)
2(2)->Ich->6(3)
6(3)->Gegner->3(4)
6(3)->Gegner->12(4)
6(3)->Gegner->18(4)
3(4)->Ich->18(5)
18(5)->Gegner->9(6)
9(6)->Ich->27(7)
27(7)->Gegner->1(8)
12(4)->Ich->24(5)
24(5)->Gegner->3(6)
3(6)->Ich->18(7)
18(7)->Gegner->9(8)
9(8)->Ich->27(9)
27(9)->Gegner->1(10)
18(4)->Ich->3(5)
3(5)->Gegner->9(6)
3(5)->Gegner->12(6)
3(5)->Gegner->15(6)
9(6)->Ich->27(7)
27(7)->Gegner->1(8)
12(6)->Ich->24(7)
24(7)->Gegner->4(8)
4(8)->Ich->16(9)
16(9)->Gegner->1(10)
15(6)->Ich->30(7)
30(7)->Gegner->5(8)
30(7)->Gegner->10(8)
5(8)->Ich->25(9)
25(9)->Gegner->1(10)
10(8)->Ich->20(9)
20(9)->Gegner->4(10)
4(10)->Ich->16(11)
16(11)->Gegner->1(12)
4(2)->Ich->12(3)
12(3)->Gegner->2(4)
12(3)->Gegner->3(4)
12(3)->Gegner->24(4)
2(4)->Ich->16(5)
16(5)->Gegner->1(6)
3(4)->Ich->18(5)
18(5)->Gegner->2(6)
18(5)->Gegner->6(6)
2(6)->Ich->16(7)
16(7)->Gegner->1(8)
6(6)->Ich->24(7)
24(7)->Gegner->2(8)
2(8)->Ich->16(9)
16(9)->Gegner->1(10)
24(4)->Ich->3(5)
3(5)->Gegner->6(6)
3(5)->Gegner->15(6)
3(5)->Gegner->27(6)
6(6)->Ich->18(7)
18(7)->Gegner->2(8)
2(8)->Ich->16(9)
16(9)->Gegner->1(10)
15(6)->Ich->30(7)
30(7)->Gegner->2(8)
30(7)->Gegner->6(8)
2(8)->Ich->16(9)
16(9)->Gegner->1(10)
6(8)->Ich->18(9)
18(9)->Gegner->2(10)
2(10)->Ich->16(11)
16(11)->Gegner->1(12)
27(6)->Ich->9(7)
9(7)->Gegner->18(8)
18(8)->Ich->6(9)
6(9)->Gegner->2(10)
6(9)->Gegner->30(10)
2(10)->Ich->16(11)
16(11)->Gegner->1(12)
30(10)->Ich->15(11)
15(11)->Gegner->5(12)
5(12)->Ich->25(13)
25(13)->Gegner->1(14)
16(2)->Ich->2(3)
2(3)->Gegner->4(4)
4(4)->Ich->12(5)
12(5)->Gegner->3(6)
12(5)->Gegner->6(6)
12(5)->Gegner->24(6)
3(6)->Ich->18(7)
18(7)->Gegner->6(8)
6(8)->Ich->24(9)
24(9)->Gegner->1(10)
6(6)->Ich->18(7)
18(7)->Gegner->3(8)
18(7)->Gegner->9(8)
3(8)->Ich->24(9)
24(9)->Gegner->1(10)
9(8)->Ich->27(9)
27(9)->Gegner->3(10)
3(10)->Ich->24(11)
24(11)->Gegner->1(12)
24(6)->Ich->3(7)
3(7)->Gegner->6(8)
3(7)->Gegner->15(8)
3(7)->Gegner->27(8)
6(8)->Ich->18(9)
18(9)->Gegner->9(10)
9(10)->Ich->27(11)
27(11)->Gegner->1(12)
15(8)->Ich->30(9)
30(9)->Gegner->5(10)
30(9)->Gegner->6(10)
5(10)->Ich->25(11)
25(11)->Gegner->1(12)
6(10)->Ich->18(11)
18(11)->Gegner->9(12)
9(12)->Ich->27(13)
27(13)->Gegner->1(14)
27(8)->Ich->9(9)
9(9)->Gegner->18(10)
18(10)->Ich->6(11)
6(11)->Gegner->30(12)
30(12)->Ich->15(13)
15(13)->Gegner->5(14)
5(14)->Ich->25(15)
25(15)->Gegner->1(16)
