10(1)->Gegner->2(2)
10(1)->Gegner->20(2)
2(2)->Ich->6(3)
6(3)->Gegner->3(4)
6(3)->Gegner->12(4)
6(3)->Gegner->18(4)
3(4)->Ich->18(5)
18(5)->Gegner->9(6)
9(6)->Ich->27(7)
27(7)->Gegner->1(8)
12(4)->Ich->24(5)
24(5)->Gegner->3(6)
24(5)->Gegner->8(6)
3(6)->Ich->18(7)
18(7)->Gegner->9(8)
9(8)->Ich->27(9)
27(9)->Gegner->1(10)
8(6)->Ich->16(7)
16(7)->Gegner->4(8)
4(8)->Ich->20(9)
20(9)->Gegner->5(10)
5(10)->Ich->25(11)
25(11)->Gegner->1(12)
18(4)->Ich->3(5)
3(5)->Gegner->9(6)
3(5)->Gegner->12(6)
9(6)->Ich->27(7)
27(7)->Gegner->1(8)
12(6)->Ich->24(7)
24(7)->Gegner->4(8)
24(7)->Gegner->8(8)
4(8)->Ich->20(9)
20(9)->Gegner->5(10)
5(10)->Ich->25(11)
25(11)->Gegner->1(12)
8(8)->Ich->16(9)
16(9)->Gegner->4(10)
4(10)->Ich->20(11)
20(11)->Gegner->5(12)
5(12)->Ich->25(13)
25(13)->Gegner->1(14)
20(2)->Ich->2(3)
2(3)->Gegner->4(4)
2(3)->Gegner->6(4)
4(4)->Ich->12(5)
12(5)->Gegner->3(6)
12(5)->Gegner->24(6)
3(6)->Ich->18(7)
18(7)->Gegner->6(8)
6(8)->Ich->24(9)
24(9)->Gegner->8(10)
8(10)->Ich->16(11)
16(11)->Gegner->1(12)
24(6)->Ich->3(7)
24(6)->Ich->6(7)
3(7)->Gegner->6(8)
3(7)->Gegner->15(8)
3(7)->Gegner->27(8)
6(8)->Ich->18(9)
18(9)->Gegner->9(10)
9(10)->Ich->27(11)
27(11)->Gegner->1(12)
15(8)->Ich->30(9)
30(9)->Gegner->5(10)
30(9)->Gegner->6(10)
5(10)->Ich->25(11)
25(11)->Gegner->1(12)
6(10)->Ich->18(11)
18(11)->Gegner->9(12)
9(12)->Ich->27(13)
27(13)->Gegner->1(14)
27(8)->Ich->9(9)
9(9)->Gegner->18(10)
18(10)->Ich->6(11)
6(11)->Gegner->30(12)
30(12)->Ich->15(13)
15(13)->Gegner->5(14)
5(14)->Ich->25(15)
25(15)->Gegner->1(16)
6(7)->Gegner->3(8)
6(7)->Gegner->18(8)
3(8)->Ich->18(9)
18(9)->Gegner->9(10)
9(10)->Ich->27(11)
27(11)->Gegner->1(12)
18(8)->Ich->3(9)
3(9)->Gegner->9(10)
3(9)->Gegner->15(10)
9(10)->Ich->27(11)
27(11)->Gegner->1(12)
15(10)->Ich->30(11)
30(11)->Gegner->5(12)
5(12)->Ich->25(13)
25(13)->Gegner->1(14)
6(4)->Ich->12(5)
12(5)->Gegner->3(6)
12(5)->Gegner->4(6)
12(5)->Gegner->24(6)
3(6)->Ich->18(7)
18(7)->Gegner->9(8)
9(8)->Ich->27(9)
27(9)->Gegner->1(10)
4(6)->Ich->16(7)
4(6)->Ich->24(7)
16(7)->Gegner->8(8)
8(8)->Ich->24(9)
24(9)->Gegner->3(10)
3(10)->Ich->18(11)
18(11)->Gegner->9(12)
9(12)->Ich->27(13)
27(13)->Gegner->1(14)
24(7)->Gegner->3(8)
3(8)->Ich->18(9)
18(9)->Gegner->9(10)
9(10)->Ich->27(11)
27(11)->Gegner->1(12)
24(6)->Ich->4(7)
4(7)->Gegner->8(8)
4(7)->Gegner->28(8)
8(8)->Ich->16(9)
16(9)->Gegner->1(10)
28(8)->Ich->14(9)
14(9)->Gegner->7(10)
7(10)->Ich->21(11)
21(11)->Gegner->3(12)
3(12)->Ich->18(13)
18(13)->Gegner->9(14)
9(14)->Ich->27(15)
27(15)->Gegner->1(16)
