4(1)->Gegner->2(2)
4(1)->Gegner->8(2)
4(1)->Gegner->16(2)
2(2)->Ich->6(3)
6(3)->Gegner->3(4)
6(3)->Gegner->12(4)
6(3)->Gegner->18(4)
3(4)->Ich->18(5)
18(5)->Gegner->9(6)
9(6)->Ich->27(7)
27(7)->Gegner->1(8)
12(4)->Ich->24(5)
24(5)->Gegner->3(6)
3(6)->Ich->18(7)
18(7)->Gegner->9(8)
9(8)->Ich->27(9)
27(9)->Gegner->1(10)
18(4)->Ich->3(5)
3(5)->Gegner->9(6)
3(5)->Gegner->12(6)
3(5)->Gegner->15(6)
9(6)->Ich->27(7)
27(7)->Gegner->1(8)
12(6)->Ich->24(7)
24(7)->Gegner->8(8)
8(8)->Ich->16(9)
16(9)->Gegner->1(10)
15(6)->Ich->30(7)
30(7)->Gegner->5(8)
30(7)->Gegner->10(8)
5(8)->Ich->25(9)
25(9)->Gegner->1(10)
10(8)->Ich->20(9)
20(9)->Gegner->5(10)
5(10)->Ich->25(11)
25(11)->Gegner->1(12)
8(2)->Ich->16(3)
16(3)->Gegner->2(4)
2(4)->Ich->6(5)
6(5)->Gegner->3(6)
6(5)->Gegner->12(6)
6(5)->Gegner->18(6)
3(6)->Ich->18(7)
18(7)->Gegner->9(8)
9(8)->Ich->27(9)
27(9)->Gegner->1(10)
12(6)->Ich->24(7)
24(7)->Gegner->3(8)
3(8)->Ich->18(9)
18(9)->Gegner->9(10)
9(10)->Ich->27(11)
27(11)->Gegner->1(12)
18(6)->Ich->3(7)
3(7)->Gegner->9(8)
3(7)->Gegner->15(8)
9(8)->Ich->27(9)
27(9)->Gegner->1(10)
15(8)->Ich->30(9)
30(9)->Gegner->5(10)
30(9)->Gegner->10(10)
5(10)->Ich->25(11)
25(11)->Gegner->1(12)
10(10)->Ich->20(11)
20(11)->Gegner->5(12)
5(12)->Ich->25(13)
25(13)->Gegner->1(14)
16(2)->Ich->2(3)
2(3)->Gegner->6(4)
2(3)->Gegner->8(4)
6(4)->Ich->12(5)
12(5)->Gegner->3(6)
3(6)->Ich->18(7)
18(7)->Gegner->9(8)
9(8)->Ich->27(9)
27(9)->Gegner->1(10)
8(4)->Ich->24(5)
24(5)->Gegner->3(6)
24(5)->Gegner->6(6)
24(5)->Gegner->12(6)
3(6)->Ich->12(7)
3(6)->Ich->18(7)
12(7)->Gegner->6(8)
6(8)->Ich->18(9)
18(9)->Gegner->9(10)
9(10)->Ich->27(11)
27(11)->Gegner->1(12)
18(7)->Gegner->6(8)
6(8)->Ich->12(9)
12(9)->Gegner->1(10)
6(6)->Ich->12(7)
12(7)->Gegner->3(8)
3(8)->Ich->18(9)
18(9)->Gegner->9(10)
9(10)->Ich->27(11)
27(11)->Gegner->1(12)
12(6)->Ich->3(7)
3(7)->Gegner->6(8)
3(7)->Gegner->15(8)
3(7)->Gegner->27(8)
6(8)->Ich->18(9)
18(9)->Gegner->9(10)
9(10)->Ich->27(11)
27(11)->Gegner->1(12)
15(8)->Ich->30(9)
30(9)->Gegner->5(10)
30(9)->Gegner->6(10)
5(10)->Ich->25(11)
25(11)->Gegner->1(12)
6(10)->Ich->18(11)
18(11)->Gegner->9(12)
9(12)->Ich->27(13)
27(13)->Gegner->1(14)
27(8)->Ich->9(9)
9(9)->Gegner->18(10)
18(10)->Ich->6(11)
6(11)->Gegner->30(12)
30(12)->Ich->15(13)
15(13)->Gegner->5(14)
5(14)->Ich->25(15)
25(15)->Gegner->1(16)
