26(1)->Gegner->2(2)
26(1)->Gegner->13(2)
2(2)->Ich->4(3)
2(2)->Ich->14(3)
4(3)->Gegner->12(4)
12(4)->Ich->3(5)
12(4)->Ich->24(5)
3(5)->Gegner->18(6)
18(6)->Ich->6(7)
6(7)->Gegner->24(8)
24(8)->Ich->8(9)
8(9)->Gegner->16(10)
16(10)->Ich->1(11)
24(5)->Gegner->3(6)
3(6)->Ich->6(7)
3(6)->Ich->15(7)
3(6)->Ich->27(7)
6(7)->Gegner->18(8)
18(8)->Ich->9(9)
9(9)->Gegner->27(10)
27(10)->Ich->1(11)
15(7)->Gegner->30(8)
30(8)->Ich->5(9)
30(8)->Ich->6(9)
5(9)->Gegner->25(10)
25(10)->Ich->1(11)
6(9)->Gegner->18(10)
18(10)->Ich->9(11)
9(11)->Gegner->27(12)
27(12)->Ich->1(13)
27(7)->Gegner->9(8)
9(8)->Ich->18(9)
18(9)->Gegner->6(10)
6(10)->Ich->30(11)
30(11)->Gegner->15(12)
15(12)->Ich->5(13)
5(13)->Gegner->25(14)
25(14)->Ich->1(15)
14(3)->Gegner->7(4)
7(4)->Ich->21(5)
21(5)->Gegner->3(6)
3(6)->Ich->6(7)
3(6)->Ich->12(7)
3(6)->Ich->18(7)
3(6)->Ich->27(7)
6(7)->Gegner->18(8)
18(8)->Ich->9(9)
9(9)->Gegner->27(10)
27(10)->Ich->1(11)
12(7)->Gegner->24(8)
24(8)->Ich->4(9)
24(8)->Ich->6(9)
4(9)->Gegner->28(10)
28(10)->Ich->1(11)
6(9)->Gegner->18(10)
18(10)->Ich->9(11)
9(11)->Gegner->27(12)
27(12)->Ich->1(13)
18(7)->Gegner->6(8)
6(8)->Ich->12(9)
12(9)->Gegner->24(10)
24(10)->Ich->4(11)
24(10)->Ich->8(11)
4(11)->Gegner->28(12)
28(12)->Ich->1(13)
8(11)->Gegner->16(12)
16(12)->Ich->4(13)
4(13)->Gegner->28(14)
28(14)->Ich->1(15)
27(7)->Gegner->9(8)
9(8)->Ich->18(9)
18(9)->Gegner->6(10)
6(10)->Ich->12(11)
12(11)->Gegner->24(12)
24(12)->Ich->4(13)
24(12)->Ich->8(13)
4(13)->Gegner->28(14)
28(14)->Ich->1(15)
8(13)->Gegner->16(14)
16(14)->Ich->4(15)
4(15)->Gegner->28(16)
28(16)->Ich->1(17)
13(2)->Ich->1(3)
