18(1)->Gegner->2(2)
18(1)->Gegner->6(2)
2(2)->Ich->4(3)
4(3)->Gegner->8(4)
4(3)->Gegner->12(4)
4(3)->Gegner->16(4)
8(4)->Ich->16(5)
16(5)->Gegner->1(6)
12(4)->Ich->3(5)
3(5)->Gegner->6(6)
3(5)->Gegner->15(6)
6(6)->Ich->24(7)
24(7)->Gegner->8(8)
8(8)->Ich->16(9)
16(9)->Gegner->1(10)
15(6)->Ich->30(7)
30(7)->Gegner->5(8)
30(7)->Gegner->6(8)
5(8)->Ich->25(9)
25(9)->Gegner->1(10)
6(8)->Ich->24(9)
24(9)->Gegner->8(10)
8(10)->Ich->16(11)
16(11)->Gegner->1(12)
16(4)->Ich->8(5)
8(5)->Gegner->24(6)
24(6)->Ich->3(7)
3(7)->Gegner->6(8)
3(7)->Gegner->12(8)
6(8)->Ich->12(9)
12(9)->Gegner->1(10)
12(8)->Ich->6(9)
6(9)->Gegner->30(10)
30(10)->Ich->15(11)
15(11)->Gegner->5(12)
5(12)->Ich->25(13)
25(13)->Gegner->1(14)
6(2)->Ich->2(3)
2(3)->Gegner->4(4)
2(3)->Gegner->16(4)
4(4)->Ich->12(5)
12(5)->Gegner->3(6)
12(5)->Gegner->24(6)
3(6)->Ich->24(7)
24(7)->Gegner->8(8)
8(8)->Ich->16(9)
16(9)->Gegner->1(10)
24(6)->Ich->3(7)
3(7)->Gegner->9(8)
3(7)->Gegner->15(8)
9(8)->Ich->27(9)
27(9)->Gegner->1(10)
15(8)->Ich->30(9)
30(9)->Gegner->5(10)
30(9)->Gegner->10(10)
5(10)->Ich->25(11)
25(11)->Gegner->1(12)
10(10)->Ich->20(11)
20(11)->Gegner->5(12)
5(12)->Ich->25(13)
25(13)->Gegner->1(14)
16(4)->Ich->4(5)
4(5)->Gegner->8(6)
8(6)->Ich->24(7)
24(7)->Gegner->3(8)
24(7)->Gegner->12(8)
3(8)->Ich->12(9)
12(9)->Gegner->1(10)
12(8)->Ich->3(9)
3(9)->Gegner->9(10)
3(9)->Gegner->15(10)
9(10)->Ich->27(11)
27(11)->Gegner->1(12)
15(10)->Ich->30(11)
30(11)->Gegner->5(12)
30(11)->Gegner->10(12)
5(12)->Ich->25(13)
25(13)->Gegner->1(14)
10(12)->Ich->20(13)
20(13)->Gegner->5(14)
5(14)->Ich->25(15)
25(15)->Gegner->1(16)
