2(1)->Gegner->4(2)
2(1)->Gegner->14(2)
4(2)->Ich->12(3)
12(3)->Gegner->3(4)
12(3)->Gegner->24(4)
3(4)->Ich->18(5)
18(5)->Gegner->6(6)
6(6)->Ich->24(7)
24(7)->Gegner->8(8)
8(8)->Ich->16(9)
16(9)->Gegner->1(10)
24(4)->Ich->3(5)
3(5)->Gegner->6(6)
3(5)->Gegner->15(6)
3(5)->Gegner->27(6)
6(6)->Ich->18(7)
18(7)->Gegner->9(8)
9(8)->Ich->27(9)
27(9)->Gegner->1(10)
15(6)->Ich->30(7)
30(7)->Gegner->5(8)
30(7)->Gegner->6(8)
5(8)->Ich->25(9)
25(9)->Gegner->1(10)
6(8)->Ich->18(9)
18(9)->Gegner->9(10)
9(10)->Ich->27(11)
27(11)->Gegner->1(12)
27(6)->Ich->9(7)
9(7)->Gegner->18(8)
18(8)->Ich->6(9)
6(9)->Gegner->30(10)
30(10)->Ich->15(11)
15(11)->Gegner->5(12)
5(12)->Ich->25(13)
25(13)->Gegner->1(14)
14(2)->Ich->7(3)
7(3)->Gegner->21(4)
21(4)->Ich->3(5)
3(5)->Gegner->6(6)
3(5)->Gegner->12(6)
3(5)->Gegner->18(6)
3(5)->Gegner->27(6)
6(6)->Ich->18(7)
18(7)->Gegner->9(8)
9(8)->Ich->27(9)
27(9)->Gegner->1(10)
12(6)->Ich->24(7)
24(7)->Gegner->4(8)
24(7)->Gegner->6(8)
4(8)->Ich->28(9)
28(9)->Gegner->1(10)
6(8)->Ich->18(9)
18(9)->Gegner->9(10)
9(10)->Ich->27(11)
27(11)->Gegner->1(12)
18(6)->Ich->6(7)
6(7)->Gegner->12(8)
12(8)->Ich->24(9)
24(9)->Gegner->4(10)
24(9)->Gegner->8(10)
4(10)->Ich->28(11)
28(11)->Gegner->1(12)
8(10)->Ich->16(11)
16(11)->Gegner->4(12)
4(12)->Ich->28(13)
28(13)->Gegner->1(14)
27(6)->Ich->9(7)
9(7)->Gegner->18(8)
18(8)->Ich->6(9)
6(9)->Gegner->12(10)
12(10)->Ich->24(11)
24(11)->Gegner->4(12)
24(11)->Gegner->8(12)
4(12)->Ich->28(13)
28(13)->Gegner->1(14)
8(12)->Ich->16(13)
16(13)->Gegner->4(14)
4(14)->Ich->28(15)
28(15)->Gegner->1(16)
