28(1)->Gegner->2(2)
28(1)->Gegner->4(2)
28(1)->Gegner->14(2)
2(2)->Ich->4(3)
2(2)->Ich->12(3)
4(3)->Gegner->8(4)
4(3)->Gegner->12(4)
4(3)->Gegner->16(4)
8(4)->Ich->16(5)
16(5)->Gegner->1(6)
12(4)->Ich->24(5)
24(5)->Gegner->3(6)
24(5)->Gegner->6(6)
3(6)->Ich->21(7)
21(7)->Gegner->7(8)
7(8)->Ich->14(9)
14(9)->Gegner->1(10)
6(6)->Ich->18(7)
18(7)->Gegner->3(8)
18(7)->Gegner->9(8)
3(8)->Ich->21(9)
21(9)->Gegner->7(10)
7(10)->Ich->14(11)
14(11)->Gegner->1(12)
9(8)->Ich->27(9)
27(9)->Gegner->3(10)
3(10)->Ich->21(11)
21(11)->Gegner->7(12)
7(12)->Ich->14(13)
14(13)->Gegner->1(14)
16(4)->Ich->8(5)
8(5)->Gegner->24(6)
24(6)->Ich->12(7)
12(7)->Gegner->3(8)
12(7)->Gegner->6(8)
3(8)->Ich->21(9)
21(9)->Gegner->7(10)
7(10)->Ich->14(11)
14(11)->Gegner->1(12)
6(8)->Ich->18(9)
18(9)->Gegner->3(10)
18(9)->Gegner->9(10)
3(10)->Ich->21(11)
21(11)->Gegner->7(12)
7(12)->Ich->14(13)
14(13)->Gegner->1(14)
9(10)->Ich->27(11)
27(11)->Gegner->3(12)
3(12)->Ich->21(13)
21(13)->Gegner->7(14)
7(14)->Ich->14(15)
14(15)->Gegner->1(16)
12(3)->Gegner->3(4)
12(3)->Gegner->4(4)
3(4)->Ich->21(5)
21(5)->Gegner->7(6)
7(6)->Ich->14(7)
14(7)->Gegner->1(8)
4(4)->Ich->16(5)
4(4)->Ich->24(5)
16(5)->Gegner->8(6)
8(6)->Ich->24(7)
24(7)->Gegner->3(8)
24(7)->Gegner->6(8)
3(8)->Ich->21(9)
21(9)->Gegner->7(10)
7(10)->Ich->14(11)
14(11)->Gegner->1(12)
6(8)->Ich->18(9)
18(9)->Gegner->3(10)
18(9)->Gegner->9(10)
3(10)->Ich->21(11)
21(11)->Gegner->7(12)
7(12)->Ich->14(13)
14(13)->Gegner->1(14)
9(10)->Ich->27(11)
27(11)->Gegner->3(12)
3(12)->Ich->21(13)
21(13)->Gegner->7(14)
7(14)->Ich->14(15)
14(15)->Gegner->1(16)
24(5)->Gegner->3(6)
24(5)->Gegner->6(6)
3(6)->Ich->21(7)
21(7)->Gegner->7(8)
7(8)->Ich->14(9)
14(9)->Gegner->1(10)
6(6)->Ich->18(7)
18(7)->Gegner->3(8)
18(7)->Gegner->9(8)
3(8)->Ich->21(9)
21(9)->Gegner->7(10)
7(10)->Ich->14(11)
14(11)->Gegner->1(12)
9(8)->Ich->27(9)
27(9)->Gegner->3(10)
3(10)->Ich->21(11)
21(11)->Gegner->7(12)
7(12)->Ich->14(13)
14(13)->Gegner->1(14)
4(2)->Ich->2(3)
2(3)->Gegner->6(4)
2(3)->Gegner->12(4)
2(3)->Gegner->14(4)
6(4)->Ich->18(5)
18(5)->Gegner->3(6)
18(5)->Gegner->9(6)
3(6)->Ich->21(7)
21(7)->Gegner->7(8)
7(8)->Ich->14(9)
14(9)->Gegner->1(10)
9(6)->Ich->27(7)
27(7)->Gegner->3(8)
3(8)->Ich->21(9)
21(9)->Gegner->7(10)
7(10)->Ich->14(11)
14(11)->Gegner->1(12)
12(4)->Ich->24(5)
24(5)->Gegner->3(6)
24(5)->Gegner->6(6)
3(6)->Ich->21(7)
21(7)->Gegner->7(8)
7(8)->Ich->14(9)
14(9)->Gegner->1(10)
6(6)->Ich->18(7)
18(7)->Gegner->3(8)
18(7)->Gegner->9(8)
3(8)->Ich->21(9)
21(9)->Gegner->7(10)
7(10)->Ich->14(11)
14(11)->Gegner->1(12)
9(8)->Ich->27(9)
27(9)->Gegner->3(10)
3(10)->Ich->21(11)
21(11)->Gegner->7(12)
7(12)->Ich->14(13)
14(13)->Gegner->1(14)
14(4)->Ich->7(5)
7(5)->Gegner->21(6)
21(6)->Ich->3(7)
3(7)->Gegner->6(8)
3(7)->Gegner->12(8)
3(7)->Gegner->27(8)
6(8)->Ich->18(9)
18(9)->Gegner->9(10)
9(10)->Ich->27(11)
27(11)->Gegner->1(12)
12(8)->Ich->24(9)
24(9)->Gegner->6(10)
6(10)->Ich->18(11)
18(11)->Gegner->9(12)
9(12)->Ich->27(13)
27(13)->Gegner->1(14)
27(8)->Ich->9(9)
9(9)->Gegner->18(10)
18(10)->Ich->6(11)
6(11)->Gegner->12(12)
12(12)->Ich->24(13)
24(13)->Gegner->8(14)
8(14)->Ich->16(15)
16(15)->Gegner->1(16)
14(2)->Ich->2(3)
2(3)->Gegner->4(4)
2(3)->Gegner->16(4)
4(4)->Ich->12(5)
12(5)->Gegner->3(6)
12(5)->Gegner->24(6)
3(6)->Ich->18(7)
18(7)->Gegner->6(8)
6(8)->Ich->24(9)
24(9)->Gegner->8(10)
8(10)->Ich->16(11)
16(11)->Gegner->1(12)
24(6)->Ich->3(7)
3(7)->Gegner->6(8)
3(7)->Gegner->15(8)
3(7)->Gegner->27(8)
6(8)->Ich->18(9)
18(9)->Gegner->9(10)
9(10)->Ich->27(11)
27(11)->Gegner->1(12)
15(8)->Ich->30(9)
30(9)->Gegner->5(10)
30(9)->Gegner->6(10)
5(10)->Ich->25(11)
25(11)->Gegner->1(12)
6(10)->Ich->18(11)
18(11)->Gegner->9(12)
9(12)->Ich->27(13)
27(13)->Gegner->1(14)
27(8)->Ich->9(9)
9(9)->Gegner->18(10)
18(10)->Ich->6(11)
6(11)->Gegner->30(12)
30(12)->Ich->15(13)
15(13)->Gegner->5(14)
5(14)->Ich->25(15)
25(15)->Gegner->1(16)
16(4)->Ich->4(5)
4(5)->Gegner->8(6)
8(6)->Ich->24(7)
24(7)->Gegner->3(8)
24(7)->Gegner->6(8)
24(7)->Gegner->12(8)
3(8)->Ich->12(9)
3(8)->Ich->18(9)
12(9)->Gegner->6(10)
6(10)->Ich->18(11)
18(11)->Gegner->9(12)
9(12)->Ich->27(13)
27(13)->Gegner->1(14)
18(9)->Gegner->6(10)
6(10)->Ich->12(11)
12(11)->Gegner->1(12)
6(8)->Ich->12(9)
12(9)->Gegner->3(10)
3(10)->Ich->18(11)
18(11)->Gegner->9(12)
9(12)->Ich->27(13)
27(13)->Gegner->1(14)
12(8)->Ich->3(9)
3(9)->Gegner->6(10)
3(9)->Gegner->15(10)
3(9)->Gegner->27(10)
6(10)->Ich->18(11)
18(11)->Gegner->9(12)
9(12)->Ich->27(13)
27(13)->Gegner->1(14)
15(10)->Ich->30(11)
30(11)->Gegner->5(12)
30(11)->Gegner->6(12)
5(12)->Ich->25(13)
25(13)->Gegner->1(14)
6(12)->Ich->18(13)
18(13)->Gegner->9(14)
9(14)->Ich->27(15)
27(15)->Gegner->1(16)
27(10)->Ich->9(11)
9(11)->Gegner->18(12)
18(12)->Ich->6(13)
6(13)->Gegner->30(14)
30(14)->Ich->15(15)
15(15)->Gegner->5(16)
5(16)->Ich->25(17)
25(17)->Gegner->1(18)
