20(1)->Gegner->2(2)
20(1)->Gegner->4(2)
2(2)->Ich->4(3)
2(2)->Ich->10(3)
4(3)->Gegner->8(4)
4(3)->Gegner->12(4)
4(3)->Gegner->16(4)
8(4)->Ich->16(5)
16(5)->Gegner->1(6)
12(4)->Ich->24(5)
24(5)->Gegner->3(6)
24(5)->Gegner->6(6)
3(6)->Ich->15(7)
15(7)->Gegner->5(8)
15(7)->Gegner->30(8)
5(8)->Ich->25(9)
25(9)->Gegner->1(10)
30(8)->Ich->10(9)
10(9)->Gegner->5(10)
5(10)->Ich->25(11)
25(11)->Gegner->1(12)
6(6)->Ich->18(7)
18(7)->Gegner->3(8)
18(7)->Gegner->9(8)
3(8)->Ich->15(9)
15(9)->Gegner->5(10)
15(9)->Gegner->30(10)
5(10)->Ich->25(11)
25(11)->Gegner->1(12)
30(10)->Ich->10(11)
10(11)->Gegner->5(12)
5(12)->Ich->25(13)
25(13)->Gegner->1(14)
9(8)->Ich->27(9)
27(9)->Gegner->3(10)
3(10)->Ich->15(11)
15(11)->Gegner->5(12)
15(11)->Gegner->30(12)
5(12)->Ich->25(13)
25(13)->Gegner->1(14)
30(12)->Ich->10(13)
10(13)->Gegner->5(14)
5(14)->Ich->25(15)
25(15)->Gegner->1(16)
16(4)->Ich->8(5)
8(5)->Gegner->24(6)
24(6)->Ich->12(7)
12(7)->Gegner->3(8)
12(7)->Gegner->6(8)
3(8)->Ich->15(9)
15(9)->Gegner->5(10)
15(9)->Gegner->30(10)
5(10)->Ich->25(11)
25(11)->Gegner->1(12)
30(10)->Ich->10(11)
10(11)->Gegner->5(12)
5(12)->Ich->25(13)
25(13)->Gegner->1(14)
6(8)->Ich->18(9)
18(9)->Gegner->3(10)
18(9)->Gegner->9(10)
3(10)->Ich->15(11)
15(11)->Gegner->5(12)
15(11)->Gegner->30(12)
5(12)->Ich->25(13)
25(13)->Gegner->1(14)
30(12)->Ich->10(13)
10(13)->Gegner->5(14)
5(14)->Ich->25(15)
25(15)->Gegner->1(16)
9(10)->Ich->27(11)
27(11)->Gegner->3(12)
3(12)->Ich->15(13)
15(13)->Gegner->5(14)
15(13)->Gegner->30(14)
5(14)->Ich->25(15)
25(15)->Gegner->1(16)
30(14)->Ich->10(15)
10(15)->Gegner->5(16)
5(16)->Ich->25(17)
25(17)->Gegner->1(18)
10(3)->Gegner->5(4)
10(3)->Gegner->30(4)
5(4)->Ich->25(5)
25(5)->Gegner->1(6)
30(4)->Ich->15(5)
15(5)->Gegner->3(6)
3(6)->Ich->12(7)
12(7)->Gegner->4(8)
4(8)->Ich->16(9)
4(8)->Ich->24(9)
16(9)->Gegner->8(10)
8(10)->Ich->24(11)
24(11)->Gegner->6(12)
6(12)->Ich->18(13)
18(13)->Gegner->9(14)
9(14)->Ich->27(15)
27(15)->Gegner->1(16)
24(9)->Gegner->6(10)
6(10)->Ich->18(11)
18(11)->Gegner->9(12)
9(12)->Ich->27(13)
27(13)->Gegner->1(14)
4(2)->Ich->2(3)
4(2)->Ich->12(3)
2(3)->Gegner->6(4)
2(3)->Gegner->10(4)
2(3)->Gegner->16(4)
6(4)->Ich->18(5)
18(5)->Gegner->3(6)
18(5)->Gegner->9(6)
3(6)->Ich->15(7)
15(7)->Gegner->5(8)
15(7)->Gegner->30(8)
5(8)->Ich->25(9)
25(9)->Gegner->1(10)
30(8)->Ich->10(9)
10(9)->Gegner->5(10)
5(10)->Ich->25(11)
25(11)->Gegner->1(12)
9(6)->Ich->27(7)
27(7)->Gegner->3(8)
3(8)->Ich->15(9)
15(9)->Gegner->5(10)
15(9)->Gegner->30(10)
5(10)->Ich->25(11)
25(11)->Gegner->1(12)
30(10)->Ich->10(11)
10(11)->Gegner->5(12)
5(12)->Ich->25(13)
25(13)->Gegner->1(14)
10(4)->Ich->30(5)
30(5)->Gegner->3(6)
30(5)->Gegner->6(6)
30(5)->Gegner->15(6)
3(6)->Ich->15(7)
15(7)->Gegner->5(8)
5(8)->Ich->25(9)
25(9)->Gegner->1(10)
6(6)->Ich->18(7)
18(7)->Gegner->3(8)
18(7)->Gegner->9(8)
3(8)->Ich->15(9)
15(9)->Gegner->5(10)
5(10)->Ich->25(11)
25(11)->Gegner->1(12)
9(8)->Ich->27(9)
27(9)->Gegner->3(10)
3(10)->Ich->15(11)
15(11)->Gegner->5(12)
5(12)->Ich->25(13)
25(13)->Gegner->1(14)
15(6)->Ich->3(7)
3(7)->Gegner->6(8)
3(7)->Gegner->12(8)
3(7)->Gegner->27(8)
6(8)->Ich->18(9)
18(9)->Gegner->9(10)
9(10)->Ich->27(11)
27(11)->Gegner->1(12)
12(8)->Ich->24(9)
24(9)->Gegner->6(10)
6(10)->Ich->18(11)
18(11)->Gegner->9(12)
9(12)->Ich->27(13)
27(13)->Gegner->1(14)
27(8)->Ich->9(9)
9(9)->Gegner->18(10)
18(10)->Ich->6(11)
6(11)->Gegner->12(12)
12(12)->Ich->24(13)
24(13)->Gegner->8(14)
8(14)->Ich->16(15)
16(15)->Gegner->1(16)
16(4)->Ich->8(5)
8(5)->Gegner->24(6)
24(6)->Ich->12(7)
12(7)->Gegner->3(8)
12(7)->Gegner->6(8)
3(8)->Ich->15(9)
15(9)->Gegner->5(10)
15(9)->Gegner->30(10)
5(10)->Ich->25(11)
25(11)->Gegner->1(12)
30(10)->Ich->10(11)
10(11)->Gegner->5(12)
5(12)->Ich->25(13)
25(13)->Gegner->1(14)
6(8)->Ich->18(9)
18(9)->Gegner->3(10)
18(9)->Gegner->9(10)
3(10)->Ich->15(11)
15(11)->Gegner->5(12)
15(11)->Gegner->30(12)
5(12)->Ich->25(13)
25(13)->Gegner->1(14)
30(12)->Ich->10(13)
10(13)->Gegner->5(14)
5(14)->Ich->25(15)
25(15)->Gegner->1(16)
9(10)->Ich->27(11)
27(11)->Gegner->3(12)
3(12)->Ich->15(13)
15(13)->Gegner->5(14)
15(13)->Gegner->30(14)
5(14)->Ich->25(15)
25(15)->Gegner->1(16)
30(14)->Ich->10(15)
10(15)->Gegner->5(16)
5(16)->Ich->25(17)
25(17)->Gegner->1(18)
12(3)->Gegner->2(4)
12(3)->Gegner->6(4)
2(4)->Ich->10(5)
10(5)->Gegner->5(6)
10(5)->Gegner->30(6)
5(6)->Ich->25(7)
25(7)->Gegner->1(8)
30(6)->Ich->15(7)
15(7)->Gegner->3(8)
3(8)->Ich->18(9)
18(9)->Gegner->6(10)
6(10)->Ich->24(11)
24(11)->Gegner->8(12)
8(12)->Ich->16(13)
16(13)->Gegner->1(14)
6(4)->Ich->18(5)
18(5)->Gegner->2(6)
18(5)->Gegner->9(6)
2(6)->Ich->10(7)
10(7)->Gegner->5(8)
10(7)->Gegner->30(8)
5(8)->Ich->25(9)
25(9)->Gegner->1(10)
30(8)->Ich->15(9)
15(9)->Gegner->3(10)
3(10)->Ich->24(11)
24(11)->Gegner->8(12)
8(12)->Ich->16(13)
16(13)->Gegner->1(14)
9(6)->Ich->27(7)
27(7)->Gegner->3(8)
3(8)->Ich->15(9)
15(9)->Gegner->5(10)
15(9)->Gegner->30(10)
5(10)->Ich->25(11)
25(11)->Gegner->1(12)
30(10)->Ich->10(11)
10(11)->Gegner->2(12)
2(12)->Ich->16(13)
16(13)->Gegner->8(14)
8(14)->Ich->24(15)
24(15)->Gegner->1(16)
