30(1)->Gegner->2(2)
30(1)->Gegner->10(2)
2(2)->Ich->4(3)
2(2)->Ich->12(3)
4(3)->Gegner->8(4)
4(3)->Gegner->12(4)
4(3)->Gegner->16(4)
8(4)->Ich->16(5)
16(5)->Gegner->1(6)
12(4)->Ich->24(5)
24(5)->Gegner->3(6)
24(5)->Gegner->6(6)
3(6)->Ich->15(7)
15(7)->Gegner->5(8)
5(8)->Ich->25(9)
25(9)->Gegner->1(10)
6(6)->Ich->18(7)
18(7)->Gegner->3(8)
18(7)->Gegner->9(8)
3(8)->Ich->15(9)
15(9)->Gegner->5(10)
5(10)->Ich->25(11)
25(11)->Gegner->1(12)
9(8)->Ich->27(9)
27(9)->Gegner->3(10)
3(10)->Ich->15(11)
15(11)->Gegner->5(12)
5(12)->Ich->25(13)
25(13)->Gegner->1(14)
16(4)->Ich->8(5)
8(5)->Gegner->24(6)
24(6)->Ich->12(7)
12(7)->Gegner->3(8)
12(7)->Gegner->6(8)
3(8)->Ich->15(9)
15(9)->Gegner->5(10)
5(10)->Ich->25(11)
25(11)->Gegner->1(12)
6(8)->Ich->18(9)
18(9)->Gegner->3(10)
18(9)->Gegner->9(10)
3(10)->Ich->15(11)
15(11)->Gegner->5(12)
5(12)->Ich->25(13)
25(13)->Gegner->1(14)
9(10)->Ich->27(11)
27(11)->Gegner->3(12)
3(12)->Ich->15(13)
15(13)->Gegner->5(14)
5(14)->Ich->25(15)
25(15)->Gegner->1(16)
12(3)->Gegner->3(4)
12(3)->Gegner->4(4)
3(4)->Ich->15(5)
15(5)->Gegner->5(6)
5(6)->Ich->25(7)
25(7)->Gegner->1(8)
4(4)->Ich->16(5)
4(4)->Ich->24(5)
16(5)->Gegner->8(6)
8(6)->Ich->24(7)
24(7)->Gegner->3(8)
24(7)->Gegner->6(8)
3(8)->Ich->15(9)
15(9)->Gegner->5(10)
5(10)->Ich->25(11)
25(11)->Gegner->1(12)
6(8)->Ich->18(9)
18(9)->Gegner->3(10)
18(9)->Gegner->9(10)
3(10)->Ich->15(11)
15(11)->Gegner->5(12)
5(12)->Ich->25(13)
25(13)->Gegner->1(14)
9(10)->Ich->27(11)
27(11)->Gegner->3(12)
3(12)->Ich->15(13)
15(13)->Gegner->5(14)
5(14)->Ich->25(15)
25(15)->Gegner->1(16)
24(5)->Gegner->3(6)
24(5)->Gegner->6(6)
3(6)->Ich->15(7)
15(7)->Gegner->5(8)
5(8)->Ich->25(9)
25(9)->Gegner->1(10)
6(6)->Ich->18(7)
18(7)->Gegner->3(8)
18(7)->Gegner->9(8)
3(8)->Ich->15(9)
15(9)->Gegner->5(10)
5(10)->Ich->25(11)
25(11)->Gegner->1(12)
9(8)->Ich->27(9)
27(9)->Gegner->3(10)
3(10)->Ich->15(11)
15(11)->Gegner->5(12)
5(12)->Ich->25(13)
25(13)->Gegner->1(14)
10(2)->Ich->2(3)
10(2)->Ich->20(3)
2(3)->Gegner->4(4)
2(3)->Gegner->6(4)
2(3)->Gegner->12(4)
2(3)->Gegner->16(4)
2(3)->Gegner->20(4)
4(4)->Ich->20(5)
20(5)->Gegner->5(6)
5(6)->Ich->25(7)
25(7)->Gegner->1(8)
6(4)->Ich->18(5)
18(5)->Gegner->3(6)
18(5)->Gegner->9(6)
3(6)->Ich->15(7)
15(7)->Gegner->5(8)
5(8)->Ich->25(9)
25(9)->Gegner->1(10)
9(6)->Ich->27(7)
27(7)->Gegner->3(8)
3(8)->Ich->15(9)
15(9)->Gegner->5(10)
5(10)->Ich->25(11)
25(11)->Gegner->1(12)
12(4)->Ich->24(5)
24(5)->Gegner->3(6)
24(5)->Gegner->6(6)
3(6)->Ich->15(7)
15(7)->Gegner->5(8)
5(8)->Ich->25(9)
25(9)->Gegner->1(10)
6(6)->Ich->18(7)
18(7)->Gegner->3(8)
18(7)->Gegner->9(8)
3(8)->Ich->15(9)
15(9)->Gegner->5(10)
5(10)->Ich->25(11)
25(11)->Gegner->1(12)
9(8)->Ich->27(9)
27(9)->Gegner->3(10)
3(10)->Ich->15(11)
15(11)->Gegner->5(12)
5(12)->Ich->25(13)
25(13)->Gegner->1(14)
16(4)->Ich->8(5)
8(5)->Gegner->4(6)
8(5)->Gegner->24(6)
4(6)->Ich->20(7)
20(7)->Gegner->5(8)
5(8)->Ich->25(9)
25(9)->Gegner->1(10)
24(6)->Ich->12(7)
12(7)->Gegner->3(8)
12(7)->Gegner->6(8)
3(8)->Ich->15(9)
15(9)->Gegner->5(10)
5(10)->Ich->25(11)
25(11)->Gegner->1(12)
6(8)->Ich->18(9)
18(9)->Gegner->3(10)
18(9)->Gegner->9(10)
3(10)->Ich->15(11)
15(11)->Gegner->5(12)
5(12)->Ich->25(13)
25(13)->Gegner->1(14)
9(10)->Ich->27(11)
27(11)->Gegner->3(12)
3(12)->Ich->15(13)
15(13)->Gegner->5(14)
5(14)->Ich->25(15)
25(15)->Gegner->1(16)
20(4)->Ich->4(5)
4(5)->Gegner->8(6)
4(5)->Gegner->12(6)
4(5)->Gegner->16(6)
8(6)->Ich->16(7)
16(7)->Gegner->1(8)
12(6)->Ich->24(7)
24(7)->Gegner->3(8)
24(7)->Gegner->6(8)
3(8)->Ich->15(9)
15(9)->Gegner->5(10)
5(10)->Ich->25(11)
25(11)->Gegner->1(12)
6(8)->Ich->18(9)
18(9)->Gegner->3(10)
18(9)->Gegner->9(10)
3(10)->Ich->15(11)
15(11)->Gegner->5(12)
5(12)->Ich->25(13)
25(13)->Gegner->1(14)
9(10)->Ich->27(11)
27(11)->Gegner->3(12)
3(12)->Ich->15(13)
15(13)->Gegner->5(14)
5(14)->Ich->25(15)
25(15)->Gegner->1(16)
16(6)->Ich->8(7)
8(7)->Gegner->24(8)
24(8)->Ich->12(9)
12(9)->Gegner->3(10)
12(9)->Gegner->6(10)
3(10)->Ich->15(11)
15(11)->Gegner->5(12)
5(12)->Ich->25(13)
25(13)->Gegner->1(14)
6(10)->Ich->18(11)
18(11)->Gegner->3(12)
18(11)->Gegner->9(12)
3(12)->Ich->15(13)
15(13)->Gegner->5(14)
5(14)->Ich->25(15)
25(15)->Gegner->1(16)
9(12)->Ich->27(13)
27(13)->Gegner->3(14)
3(14)->Ich->15(15)
15(15)->Gegner->5(16)
5(16)->Ich->25(17)
25(17)->Gegner->1(18)
20(3)->Gegner->2(4)
2(4)->Ich->4(5)
2(4)->Ich->12(5)
4(5)->Gegner->8(6)
4(5)->Gegner->12(6)
4(5)->Gegner->16(6)
8(6)->Ich->16(7)
16(7)->Gegner->1(8)
12(6)->Ich->24(7)
24(7)->Gegner->3(8)
24(7)->Gegner->6(8)
3(8)->Ich->15(9)
15(9)->Gegner->5(10)
5(10)->Ich->25(11)
25(11)->Gegner->1(12)
6(8)->Ich->18(9)
18(9)->Gegner->3(10)
18(9)->Gegner->9(10)
3(10)->Ich->15(11)
15(11)->Gegner->5(12)
5(12)->Ich->25(13)
25(13)->Gegner->1(14)
9(10)->Ich->27(11)
27(11)->Gegner->3(12)
3(12)->Ich->15(13)
15(13)->Gegner->5(14)
5(14)->Ich->25(15)
25(15)->Gegner->1(16)
16(6)->Ich->8(7)
8(7)->Gegner->24(8)
24(8)->Ich->12(9)
12(9)->Gegner->3(10)
12(9)->Gegner->6(10)
3(10)->Ich->15(11)
15(11)->Gegner->5(12)
5(12)->Ich->25(13)
25(13)->Gegner->1(14)
6(10)->Ich->18(11)
18(11)->Gegner->3(12)
18(11)->Gegner->9(12)
3(12)->Ich->15(13)
15(13)->Gegner->5(14)
5(14)->Ich->25(15)
25(15)->Gegner->1(16)
9(12)->Ich->27(13)
27(13)->Gegner->3(14)
3(14)->Ich->15(15)
15(15)->Gegner->5(16)
5(16)->Ich->25(17)
25(17)->Gegner->1(18)
12(5)->Gegner->3(6)
12(5)->Gegner->4(6)
3(6)->Ich->15(7)
15(7)->Gegner->5(8)
5(8)->Ich->25(9)
25(9)->Gegner->1(10)
4(6)->Ich->16(7)
4(6)->Ich->24(7)
16(7)->Gegner->8(8)
8(8)->Ich->24(9)
24(9)->Gegner->3(10)
24(9)->Gegner->6(10)
3(10)->Ich->15(11)
15(11)->Gegner->5(12)
5(12)->Ich->25(13)
25(13)->Gegner->1(14)
6(10)->Ich->18(11)
18(11)->Gegner->3(12)
18(11)->Gegner->9(12)
3(12)->Ich->15(13)
15(13)->Gegner->5(14)
5(14)->Ich->25(15)
25(15)->Gegner->1(16)
9(12)->Ich->27(13)
27(13)->Gegner->3(14)
3(14)->Ich->15(15)
15(15)->Gegner->5(16)
5(16)->Ich->25(17)
25(17)->Gegner->1(18)
24(7)->Gegner->3(8)
24(7)->Gegner->6(8)
3(8)->Ich->15(9)
15(9)->Gegner->5(10)
5(10)->Ich->25(11)
25(11)->Gegner->1(12)
6(8)->Ich->18(9)
18(9)->Gegner->3(10)
18(9)->Gegner->9(10)
3(10)->Ich->15(11)
15(11)->Gegner->5(12)
5(12)->Ich->25(13)
25(13)->Gegner->1(14)
9(10)->Ich->27(11)
27(11)->Gegner->3(12)
3(12)->Ich->15(13)
15(13)->Gegner->5(14)
5(14)->Ich->25(15)
25(15)->Gegner->1(16)
