12(1)->Gegner->2(2)
12(1)->Gegner->4(2)
2(2)->Ich->4(3)
2(2)->Ich->6(3)
4(3)->Gegner->8(4)
4(3)->Gegner->16(4)
8(4)->Ich->16(5)
16(5)->Gegner->1(6)
16(4)->Ich->8(5)
8(5)->Gegner->24(6)
24(6)->Ich->3(7)
3(7)->Gegner->6(8)
3(7)->Gegner->15(8)
3(7)->Gegner->27(8)
6(8)->Ich->18(9)
18(9)->Gegner->9(10)
9(10)->Ich->27(11)
27(11)->Gegner->1(12)
15(8)->Ich->30(9)
30(9)->Gegner->5(10)
30(9)->Gegner->6(10)
5(10)->Ich->25(11)
25(11)->Gegner->1(12)
6(10)->Ich->18(11)
18(11)->Gegner->9(12)
9(12)->Ich->27(13)
27(13)->Gegner->1(14)
27(8)->Ich->9(9)
9(9)->Gegner->18(10)
18(10)->Ich->6(11)
6(11)->Gegner->30(12)
30(12)->Ich->15(13)
15(13)->Gegner->5(14)
5(14)->Ich->25(15)
25(15)->Gegner->1(16)
6(3)->Gegner->3(4)
6(3)->Gegner->18(4)
3(4)->Ich->18(5)
18(5)->Gegner->9(6)
9(6)->Ich->27(7)
27(7)->Gegner->1(8)
18(4)->Ich->3(5)
3(5)->Gegner->9(6)
3(5)->Gegner->15(6)
9(6)->Ich->27(7)
27(7)->Gegner->1(8)
15(6)->Ich->30(7)
30(7)->Gegner->5(8)
30(7)->Gegner->10(8)
5(8)->Ich->25(9)
25(9)->Gegner->1(10)
10(8)->Ich->20(9)
20(9)->Gegner->4(10)
4(10)->Ich->16(11)
16(11)->Gegner->8(12)
8(12)->Ich->24(13)
24(13)->Gegner->1(14)
4(2)->Ich->2(3)
2(3)->Gegner->6(4)
2(3)->Gegner->14(4)
2(3)->Gegner->16(4)
6(4)->Ich->18(5)
6(4)->Ich->24(5)
18(5)->Gegner->3(6)
18(5)->Gegner->9(6)
3(6)->Ich->24(7)
24(7)->Gegner->8(8)
8(8)->Ich->16(9)
16(9)->Gegner->1(10)
9(6)->Ich->27(7)
27(7)->Gegner->3(8)
3(8)->Ich->24(9)
24(9)->Gegner->8(10)
8(10)->Ich->16(11)
16(11)->Gegner->1(12)
24(5)->Gegner->3(6)
3(6)->Ich->18(7)
18(7)->Gegner->9(8)
9(8)->Ich->27(9)
27(9)->Gegner->1(10)
14(4)->Ich->28(5)
28(5)->Gegner->7(6)
7(6)->Ich->21(7)
21(7)->Gegner->3(8)
3(8)->Ich->18(9)
18(9)->Gegner->6(10)
6(10)->Ich->24(11)
24(11)->Gegner->8(12)
8(12)->Ich->16(13)
16(13)->Gegner->1(14)
16(4)->Ich->8(5)
8(5)->Gegner->24(6)
24(6)->Ich->3(7)
3(7)->Gegner->6(8)
3(7)->Gegner->15(8)
3(7)->Gegner->27(8)
6(8)->Ich->18(9)
18(9)->Gegner->9(10)
9(10)->Ich->27(11)
27(11)->Gegner->1(12)
15(8)->Ich->30(9)
30(9)->Gegner->5(10)
30(9)->Gegner->6(10)
5(10)->Ich->25(11)
25(11)->Gegner->1(12)
6(10)->Ich->18(11)
18(11)->Gegner->9(12)
9(12)->Ich->27(13)
27(13)->Gegner->1(14)
27(8)->Ich->9(9)
9(9)->Gegner->18(10)
18(10)->Ich->6(11)
6(11)->Gegner->30(12)
30(12)->Ich->15(13)
15(13)->Gegner->5(14)
5(14)->Ich->25(15)
25(15)->Gegner->1(16)
