24(1)->Gegner->2(2)
24(1)->Gegner->8(2)
2(2)->Ich->4(3)
4(3)->Gegner->8(4)
4(3)->Gegner->12(4)
8(4)->Ich->16(5)
16(5)->Gegner->1(6)
12(4)->Ich->3(5)
3(5)->Gegner->6(6)
3(5)->Gegner->15(6)
3(5)->Gegner->27(6)
6(6)->Ich->18(7)
18(7)->Gegner->9(8)
9(8)->Ich->27(9)
27(9)->Gegner->1(10)
15(6)->Ich->30(7)
30(7)->Gegner->5(8)
30(7)->Gegner->6(8)
5(8)->Ich->25(9)
25(9)->Gegner->1(10)
6(8)->Ich->18(9)
18(9)->Gegner->9(10)
9(10)->Ich->27(11)
27(11)->Gegner->1(12)
27(6)->Ich->9(7)
9(7)->Gegner->18(8)
18(8)->Ich->6(9)
6(9)->Gegner->30(10)
30(10)->Ich->15(11)
15(11)->Gegner->5(12)
5(12)->Ich->25(13)
25(13)->Gegner->1(14)
8(2)->Ich->2(3)
2(3)->Gegner->4(4)
2(3)->Gegner->6(4)
2(3)->Gegner->12(4)
2(3)->Gegner->16(4)
4(4)->Ich->16(5)
16(5)->Gegner->1(6)
6(4)->Ich->12(5)
12(5)->Gegner->3(6)
3(6)->Ich->18(7)
18(7)->Gegner->9(8)
9(8)->Ich->27(9)
27(9)->Gegner->1(10)
12(4)->Ich->3(5)
3(5)->Gegner->6(6)
3(5)->Gegner->15(6)
3(5)->Gegner->27(6)
6(6)->Ich->18(7)
18(7)->Gegner->9(8)
9(8)->Ich->27(9)
27(9)->Gegner->1(10)
15(6)->Ich->30(7)
30(7)->Gegner->5(8)
30(7)->Gegner->6(8)
5(8)->Ich->25(9)
25(9)->Gegner->1(10)
6(8)->Ich->18(9)
18(9)->Gegner->9(10)
9(10)->Ich->27(11)
27(11)->Gegner->1(12)
27(6)->Ich->9(7)
9(7)->Gegner->18(8)
18(8)->Ich->6(9)
6(9)->Gegner->30(10)
30(10)->Ich->15(11)
15(11)->Gegner->5(12)
5(12)->Ich->25(13)
25(13)->Gegner->1(14)
16(4)->Ich->4(5)
4(5)->Gegner->12(6)
12(6)->Ich->3(7)
3(7)->Gegner->6(8)
3(7)->Gegner->15(8)
3(7)->Gegner->27(8)
6(8)->Ich->18(9)
18(9)->Gegner->9(10)
9(10)->Ich->27(11)
27(11)->Gegner->1(12)
15(8)->Ich->30(9)
30(9)->Gegner->5(10)
30(9)->Gegner->6(10)
5(10)->Ich->25(11)
25(11)->Gegner->1(12)
6(10)->Ich->18(11)
18(11)->Gegner->9(12)
9(12)->Ich->27(13)
27(13)->Gegner->1(14)
27(8)->Ich->9(9)
9(9)->Gegner->18(10)
18(10)->Ich->6(11)
6(11)->Gegner->30(12)
30(12)->Ich->15(13)
15(13)->Gegner->5(14)
5(14)->Ich->25(15)
25(15)->Gegner->1(16)
