4(1)->Gegner->2(2)
4(1)->Gegner->8(2)
4(1)->Gegner->12(2)
4(1)->Gegner->16(2)
4(1)->Gegner->20(2)
4(1)->Gegner->24(2)
4(1)->Gegner->28(2)
4(1)->Gegner->32(2)
4(1)->Gegner->36(2)
2(2)->Ich->22(3)
22(3)->Gegner->11(4)
11(4)->Ich->33(5)
33(5)->Gegner->3(6)
3(6)->Ich->21(7)
21(7)->Gegner->7(8)
7(8)->Ich->35(9)
35(9)->Gegner->5(10)
5(10)->Ich->25(11)
25(11)->Gegner->1(12)
8(2)->Ich->24(3)
24(3)->Gegner->2(4)
24(3)->Gegner->3(4)
24(3)->Gegner->6(4)
24(3)->Gegner->12(4)
2(4)->Ich->22(5)
22(5)->Gegner->11(6)
11(6)->Ich->33(7)
33(7)->Gegner->3(8)
3(8)->Ich->21(9)
21(9)->Gegner->7(10)
7(10)->Ich->35(11)
35(11)->Gegner->5(12)
5(12)->Ich->25(13)
25(13)->Gegner->1(14)
3(4)->Ich->21(5)
21(5)->Gegner->7(6)
7(6)->Ich->35(7)
35(7)->Gegner->5(8)
5(8)->Ich->25(9)
25(9)->Gegner->1(10)
6(4)->Ich->12(5)
6(4)->Ich->18(5)
12(5)->Gegner->2(6)
12(5)->Gegner->3(6)
12(5)->Gegner->36(6)
2(6)->Ich->22(7)
22(7)->Gegner->11(8)
11(8)->Ich->33(9)
33(9)->Gegner->3(10)
3(10)->Ich->21(11)
21(11)->Gegner->7(12)
7(12)->Ich->35(13)
35(13)->Gegner->5(14)
5(14)->Ich->25(15)
25(15)->Gegner->1(16)
3(6)->Ich->21(7)
21(7)->Gegner->7(8)
7(8)->Ich->35(9)
35(9)->Gegner->5(10)
5(10)->Ich->25(11)
25(11)->Gegner->1(12)
36(6)->Ich->18(7)
18(7)->Gegner->2(8)
18(7)->Gegner->3(8)
18(7)->Gegner->9(8)
2(8)->Ich->22(9)
22(9)->Gegner->11(10)
11(10)->Ich->33(11)
33(11)->Gegner->3(12)
3(12)->Ich->21(13)
21(13)->Gegner->7(14)
7(14)->Ich->35(15)
35(15)->Gegner->5(16)
5(16)->Ich->25(17)
25(17)->Gegner->1(18)
3(8)->Ich->21(9)
21(9)->Gegner->7(10)
7(10)->Ich->35(11)
35(11)->Gegner->5(12)
5(12)->Ich->25(13)
25(13)->Gegner->1(14)
9(8)->Ich->27(9)
27(9)->Gegner->3(10)
3(10)->Ich->21(11)
21(11)->Gegner->7(12)
7(12)->Ich->35(13)
35(13)->Gegner->5(14)
5(14)->Ich->25(15)
25(15)->Gegner->1(16)
18(5)->Gegner->2(6)
18(5)->Gegner->3(6)
18(5)->Gegner->9(6)
18(5)->Gegner->36(6)
2(6)->Ich->22(7)
22(7)->Gegner->11(8)
11(8)->Ich->33(9)
33(9)->Gegner->3(10)
3(10)->Ich->21(11)
21(11)->Gegner->7(12)
7(12)->Ich->35(13)
35(13)->Gegner->5(14)
5(14)->Ich->25(15)
25(15)->Gegner->1(16)
3(6)->Ich->21(7)
21(7)->Gegner->7(8)
7(8)->Ich->35(9)
35(9)->Gegner->5(10)
5(10)->Ich->25(11)
25(11)->Gegner->1(12)
9(6)->Ich->27(7)
27(7)->Gegner->3(8)
3(8)->Ich->21(9)
21(9)->Gegner->7(10)
7(10)->Ich->35(11)
35(11)->Gegner->5(12)
5(12)->Ich->25(13)
25(13)->Gegner->1(14)
36(6)->Ich->12(7)
12(7)->Gegner->2(8)
12(7)->Gegner->3(8)
2(8)->Ich->22(9)
22(9)->Gegner->11(10)
11(10)->Ich->33(11)
33(11)->Gegner->3(12)
3(12)->Ich->21(13)
21(13)->Gegner->7(14)
7(14)->Ich->35(15)
35(15)->Gegner->5(16)
5(16)->Ich->25(17)
25(17)->Gegner->1(18)
3(8)->Ich->21(9)
21(9)->Gegner->7(10)
7(10)->Ich->35(11)
35(11)->Gegner->5(12)
5(12)->Ich->25(13)
25(13)->Gegner->1(14)
12(4)->Ich->6(5)
12(4)->Ich->36(5)
6(5)->Gegner->2(6)
6(5)->Gegner->3(6)
6(5)->Gegner->18(6)
6(5)->Gegner->30(6)
6(5)->Gegner->36(6)
2(6)->Ich->22(7)
22(7)->Gegner->11(8)
11(8)->Ich->33(9)
33(9)->Gegner->3(10)
3(10)->Ich->21(11)
21(11)->Gegner->7(12)
7(12)->Ich->35(13)
35(13)->Gegner->5(14)
5(14)->Ich->25(15)
25(15)->Gegner->1(16)
3(6)->Ich->21(7)
21(7)->Gegner->7(8)
7(8)->Ich->35(9)
35(9)->Gegner->5(10)
5(10)->Ich->25(11)
25(11)->Gegner->1(12)
18(6)->Ich->36(7)
36(7)->Gegner->2(8)
36(7)->Gegner->3(8)
36(7)->Gegner->9(8)
2(8)->Ich->22(9)
22(9)->Gegner->11(10)
11(10)->Ich->33(11)
33(11)->Gegner->3(12)
3(12)->Ich->21(13)
21(13)->Gegner->7(14)
7(14)->Ich->35(15)
35(15)->Gegner->5(16)
5(16)->Ich->25(17)
25(17)->Gegner->1(18)
3(8)->Ich->21(9)
21(9)->Gegner->7(10)
7(10)->Ich->35(11)
35(11)->Gegner->5(12)
5(12)->Ich->25(13)
25(13)->Gegner->1(14)
9(8)->Ich->27(9)
27(9)->Gegner->3(10)
3(10)->Ich->21(11)
21(11)->Gegner->7(12)
7(12)->Ich->35(13)
35(13)->Gegner->5(14)
5(14)->Ich->25(15)
25(15)->Gegner->1(16)
30(6)->Ich->15(7)
15(7)->Gegner->3(8)
15(7)->Gegner->5(8)
3(8)->Ich->21(9)
21(9)->Gegner->7(10)
7(10)->Ich->35(11)
35(11)->Gegner->5(12)
5(12)->Ich->25(13)
25(13)->Gegner->1(14)
5(8)->Ich->25(9)
25(9)->Gegner->1(10)
36(6)->Ich->18(7)
18(7)->Gegner->2(8)
18(7)->Gegner->3(8)
18(7)->Gegner->9(8)
2(8)->Ich->22(9)
22(9)->Gegner->11(10)
11(10)->Ich->33(11)
33(11)->Gegner->3(12)
3(12)->Ich->21(13)
21(13)->Gegner->7(14)
7(14)->Ich->35(15)
35(15)->Gegner->5(16)
5(16)->Ich->25(17)
25(17)->Gegner->1(18)
3(8)->Ich->21(9)
21(9)->Gegner->7(10)
7(10)->Ich->35(11)
35(11)->Gegner->5(12)
5(12)->Ich->25(13)
25(13)->Gegner->1(14)
9(8)->Ich->27(9)
27(9)->Gegner->3(10)
3(10)->Ich->21(11)
21(11)->Gegner->7(12)
7(12)->Ich->35(13)
35(13)->Gegner->5(14)
5(14)->Ich->25(15)
25(15)->Gegner->1(16)
36(5)->Gegner->2(6)
36(5)->Gegner->3(6)
36(5)->Gegner->6(6)
36(5)->Gegner->9(6)
36(5)->Gegner->18(6)
2(6)->Ich->22(7)
22(7)->Gegner->11(8)
11(8)->Ich->33(9)
33(9)->Gegner->3(10)
3(10)->Ich->21(11)
21(11)->Gegner->7(12)
7(12)->Ich->35(13)
35(13)->Gegner->5(14)
5(14)->Ich->25(15)
25(15)->Gegner->1(16)
3(6)->Ich->21(7)
21(7)->Gegner->7(8)
7(8)->Ich->35(9)
35(9)->Gegner->5(10)
5(10)->Ich->25(11)
25(11)->Gegner->1(12)
6(6)->Ich->18(7)
18(7)->Gegner->2(8)
18(7)->Gegner->3(8)
18(7)->Gegner->9(8)
2(8)->Ich->22(9)
22(9)->Gegner->11(10)
11(10)->Ich->33(11)
33(11)->Gegner->3(12)
3(12)->Ich->21(13)
21(13)->Gegner->7(14)
7(14)->Ich->35(15)
35(15)->Gegner->5(16)
5(16)->Ich->25(17)
25(17)->Gegner->1(18)
3(8)->Ich->21(9)
21(9)->Gegner->7(10)
7(10)->Ich->35(11)
35(11)->Gegner->5(12)
5(12)->Ich->25(13)
25(13)->Gegner->1(14)
9(8)->Ich->27(9)
27(9)->Gegner->3(10)
3(10)->Ich->21(11)
21(11)->Gegner->7(12)
7(12)->Ich->35(13)
35(13)->Gegner->5(14)
5(14)->Ich->25(15)
25(15)->Gegner->1(16)
9(6)->Ich->27(7)
27(7)->Gegner->3(8)
3(8)->Ich->21(9)
21(9)->Gegner->7(10)
7(10)->Ich->35(11)
35(11)->Gegner->5(12)
5(12)->Ich->25(13)
25(13)->Gegner->1(14)
18(6)->Ich->6(7)
6(7)->Gegner->2(8)
6(7)->Gegner->3(8)
6(7)->Gegner->30(8)
2(8)->Ich->22(9)
22(9)->Gegner->11(10)
11(10)->Ich->33(11)
33(11)->Gegner->3(12)
3(12)->Ich->21(13)
21(13)->Gegner->7(14)
7(14)->Ich->35(15)
35(15)->Gegner->5(16)
5(16)->Ich->25(17)
25(17)->Gegner->1(18)
3(8)->Ich->21(9)
21(9)->Gegner->7(10)
7(10)->Ich->35(11)
35(11)->Gegner->5(12)
5(12)->Ich->25(13)
25(13)->Gegner->1(14)
30(8)->Ich->15(9)
15(9)->Gegner->3(10)
15(9)->Gegner->5(10)
3(10)->Ich->21(11)
21(11)->Gegner->7(12)
7(12)->Ich->35(13)
35(13)->Gegner->5(14)
5(14)->Ich->25(15)
25(15)->Gegner->1(16)
5(10)->Ich->25(11)
25(11)->Gegner->1(12)
12(2)->Ich->6(3)
12(2)->Ich->36(3)
6(3)->Gegner->2(4)
6(3)->Gegner->3(4)
6(3)->Gegner->18(4)
6(3)->Gegner->24(4)
6(3)->Gegner->30(4)
6(3)->Gegner->36(4)
2(4)->Ich->22(5)
22(5)->Gegner->11(6)
11(6)->Ich->33(7)
33(7)->Gegner->3(8)
3(8)->Ich->21(9)
21(9)->Gegner->7(10)
7(10)->Ich->35(11)
35(11)->Gegner->5(12)
5(12)->Ich->25(13)
25(13)->Gegner->1(14)
3(4)->Ich->21(5)
21(5)->Gegner->7(6)
7(6)->Ich->35(7)
35(7)->Gegner->5(8)
5(8)->Ich->25(9)
25(9)->Gegner->1(10)
18(4)->Ich->36(5)
36(5)->Gegner->2(6)
36(5)->Gegner->3(6)
36(5)->Gegner->9(6)
2(6)->Ich->22(7)
22(7)->Gegner->11(8)
11(8)->Ich->33(9)
33(9)->Gegner->3(10)
3(10)->Ich->21(11)
21(11)->Gegner->7(12)
7(12)->Ich->35(13)
35(13)->Gegner->5(14)
5(14)->Ich->25(15)
25(15)->Gegner->1(16)
3(6)->Ich->21(7)
21(7)->Gegner->7(8)
7(8)->Ich->35(9)
35(9)->Gegner->5(10)
5(10)->Ich->25(11)
25(11)->Gegner->1(12)
9(6)->Ich->27(7)
27(7)->Gegner->3(8)
3(8)->Ich->21(9)
21(9)->Gegner->7(10)
7(10)->Ich->35(11)
35(11)->Gegner->5(12)
5(12)->Ich->25(13)
25(13)->Gegner->1(14)
24(4)->Ich->8(5)
8(5)->Gegner->2(6)
8(5)->Gegner->16(6)
8(5)->Gegner->32(6)
2(6)->Ich->22(7)
22(7)->Gegner->11(8)
11(8)->Ich->33(9)
33(9)->Gegner->3(10)
3(10)->Ich->21(11)
21(11)->Gegner->7(12)
7(12)->Ich->35(13)
35(13)->Gegner->5(14)
5(14)->Ich->25(15)
25(15)->Gegner->1(16)
16(6)->Ich->32(7)
32(7)->Gegner->2(8)
2(8)->Ich->22(9)
22(9)->Gegner->11(10)
11(10)->Ich->33(11)
33(11)->Gegner->3(12)
3(12)->Ich->21(13)
21(13)->Gegner->7(14)
7(14)->Ich->35(15)
35(15)->Gegner->5(16)
5(16)->Ich->25(17)
25(17)->Gegner->1(18)
32(6)->Ich->16(7)
16(7)->Gegner->2(8)
2(8)->Ich->22(9)
22(9)->Gegner->11(10)
11(10)->Ich->33(11)
33(11)->Gegner->3(12)
3(12)->Ich->21(13)
21(13)->Gegner->7(14)
7(14)->Ich->35(15)
35(15)->Gegner->5(16)
5(16)->Ich->25(17)
25(17)->Gegner->1(18)
30(4)->Ich->15(5)
15(5)->Gegner->3(6)
15(5)->Gegner->5(6)
3(6)->Ich->21(7)
21(7)->Gegner->7(8)
7(8)->Ich->35(9)
35(9)->Gegner->5(10)
5(10)->Ich->25(11)
25(11)->Gegner->1(12)
5(6)->Ich->25(7)
25(7)->Gegner->1(8)
36(4)->Ich->18(5)
18(5)->Gegner->2(6)
18(5)->Gegner->3(6)
18(5)->Gegner->9(6)
2(6)->Ich->22(7)
22(7)->Gegner->11(8)
11(8)->Ich->33(9)
33(9)->Gegner->3(10)
3(10)->Ich->21(11)
21(11)->Gegner->7(12)
7(12)->Ich->35(13)
35(13)->Gegner->5(14)
5(14)->Ich->25(15)
25(15)->Gegner->1(16)
3(6)->Ich->21(7)
21(7)->Gegner->7(8)
7(8)->Ich->35(9)
35(9)->Gegner->5(10)
5(10)->Ich->25(11)
25(11)->Gegner->1(12)
9(6)->Ich->27(7)
27(7)->Gegner->3(8)
3(8)->Ich->21(9)
21(9)->Gegner->7(10)
7(10)->Ich->35(11)
35(11)->Gegner->5(12)
5(12)->Ich->25(13)
25(13)->Gegner->1(14)
36(3)->Gegner->2(4)
36(3)->Gegner->3(4)
36(3)->Gegner->6(4)
36(3)->Gegner->9(4)
36(3)->Gegner->18(4)
2(4)->Ich->22(5)
22(5)->Gegner->11(6)
11(6)->Ich->33(7)
33(7)->Gegner->3(8)
3(8)->Ich->21(9)
21(9)->Gegner->7(10)
7(10)->Ich->35(11)
35(11)->Gegner->5(12)
5(12)->Ich->25(13)
25(13)->Gegner->1(14)
3(4)->Ich->21(5)
21(5)->Gegner->7(6)
7(6)->Ich->35(7)
35(7)->Gegner->5(8)
5(8)->Ich->25(9)
25(9)->Gegner->1(10)
6(4)->Ich->18(5)
18(5)->Gegner->2(6)
18(5)->Gegner->3(6)
18(5)->Gegner->9(6)
2(6)->Ich->22(7)
22(7)->Gegner->11(8)
11(8)->Ich->33(9)
33(9)->Gegner->3(10)
3(10)->Ich->21(11)
21(11)->Gegner->7(12)
7(12)->Ich->35(13)
35(13)->Gegner->5(14)
5(14)->Ich->25(15)
25(15)->Gegner->1(16)
3(6)->Ich->21(7)
21(7)->Gegner->7(8)
7(8)->Ich->35(9)
35(9)->Gegner->5(10)
5(10)->Ich->25(11)
25(11)->Gegner->1(12)
9(6)->Ich->27(7)
27(7)->Gegner->3(8)
3(8)->Ich->21(9)
21(9)->Gegner->7(10)
7(10)->Ich->35(11)
35(11)->Gegner->5(12)
5(12)->Ich->25(13)
25(13)->Gegner->1(14)
9(4)->Ich->27(5)
27(5)->Gegner->3(6)
3(6)->Ich->21(7)
21(7)->Gegner->7(8)
7(8)->Ich->35(9)
35(9)->Gegner->5(10)
5(10)->Ich->25(11)
25(11)->Gegner->1(12)
18(4)->Ich->6(5)
6(5)->Gegner->2(6)
6(5)->Gegner->3(6)
6(5)->Gegner->24(6)
6(5)->Gegner->30(6)
2(6)->Ich->22(7)
22(7)->Gegner->11(8)
11(8)->Ich->33(9)
33(9)->Gegner->3(10)
3(10)->Ich->21(11)
21(11)->Gegner->7(12)
7(12)->Ich->35(13)
35(13)->Gegner->5(14)
5(14)->Ich->25(15)
25(15)->Gegner->1(16)
3(6)->Ich->21(7)
21(7)->Gegner->7(8)
7(8)->Ich->35(9)
35(9)->Gegner->5(10)
5(10)->Ich->25(11)
25(11)->Gegner->1(12)
24(6)->Ich->8(7)
8(7)->Gegner->2(8)
8(7)->Gegner->16(8)
8(7)->Gegner->32(8)
2(8)->Ich->22(9)
22(9)->Gegner->11(10)
11(10)->Ich->33(11)
33(11)->Gegner->3(12)
3(12)->Ich->21(13)
21(13)->Gegner->7(14)
7(14)->Ich->35(15)
35(15)->Gegner->5(16)
5(16)->Ich->25(17)
25(17)->Gegner->1(18)
16(8)->Ich->32(9)
32(9)->Gegner->2(10)
2(10)->Ich->22(11)
22(11)->Gegner->11(12)
11(12)->Ich->33(13)
33(13)->Gegner->3(14)
3(14)->Ich->21(15)
21(15)->Gegner->7(16)
7(16)->Ich->35(17)
35(17)->Gegner->5(18)
5(18)->Ich->25(19)
25(19)->Gegner->1(20)
32(8)->Ich->16(9)
16(9)->Gegner->2(10)
2(10)->Ich->22(11)
22(11)->Gegner->11(12)
11(12)->Ich->33(13)
33(13)->Gegner->3(14)
3(14)->Ich->21(15)
21(15)->Gegner->7(16)
7(16)->Ich->35(17)
35(17)->Gegner->5(18)
5(18)->Ich->25(19)
25(19)->Gegner->1(20)
30(6)->Ich->15(7)
15(7)->Gegner->3(8)
15(7)->Gegner->5(8)
3(8)->Ich->21(9)
21(9)->Gegner->7(10)
7(10)->Ich->35(11)
35(11)->Gegner->5(12)
5(12)->Ich->25(13)
25(13)->Gegner->1(14)
5(8)->Ich->25(9)
25(9)->Gegner->1(10)
16(2)->Ich->32(3)
32(3)->Gegner->2(4)
32(3)->Gegner->8(4)
2(4)->Ich->22(5)
22(5)->Gegner->11(6)
11(6)->Ich->33(7)
33(7)->Gegner->3(8)
3(8)->Ich->21(9)
21(9)->Gegner->7(10)
7(10)->Ich->35(11)
35(11)->Gegner->5(12)
5(12)->Ich->25(13)
25(13)->Gegner->1(14)
8(4)->Ich->24(5)
24(5)->Gegner->2(6)
24(5)->Gegner->3(6)
24(5)->Gegner->6(6)
24(5)->Gegner->12(6)
2(6)->Ich->22(7)
22(7)->Gegner->11(8)
11(8)->Ich->33(9)
33(9)->Gegner->3(10)
3(10)->Ich->21(11)
21(11)->Gegner->7(12)
7(12)->Ich->35(13)
35(13)->Gegner->5(14)
5(14)->Ich->25(15)
25(15)->Gegner->1(16)
3(6)->Ich->21(7)
21(7)->Gegner->7(8)
7(8)->Ich->35(9)
35(9)->Gegner->5(10)
5(10)->Ich->25(11)
25(11)->Gegner->1(12)
6(6)->Ich->12(7)
6(6)->Ich->18(7)
12(7)->Gegner->2(8)
12(7)->Gegner->3(8)
12(7)->Gegner->36(8)
2(8)->Ich->22(9)
22(9)->Gegner->11(10)
11(10)->Ich->33(11)
33(11)->Gegner->3(12)
3(12)->Ich->21(13)
21(13)->Gegner->7(14)
7(14)->Ich->35(15)
35(15)->Gegner->5(16)
5(16)->Ich->25(17)
25(17)->Gegner->1(18)
3(8)->Ich->21(9)
21(9)->Gegner->7(10)
7(10)->Ich->35(11)
35(11)->Gegner->5(12)
5(12)->Ich->25(13)
25(13)->Gegner->1(14)
36(8)->Ich->18(9)
18(9)->Gegner->2(10)
18(9)->Gegner->3(10)
18(9)->Gegner->9(10)
2(10)->Ich->22(11)
22(11)->Gegner->11(12)
11(12)->Ich->33(13)
33(13)->Gegner->3(14)
3(14)->Ich->21(15)
21(15)->Gegner->7(16)
7(16)->Ich->35(17)
35(17)->Gegner->5(18)
5(18)->Ich->25(19)
25(19)->Gegner->1(20)
3(10)->Ich->21(11)
21(11)->Gegner->7(12)
7(12)->Ich->35(13)
35(13)->Gegner->5(14)
5(14)->Ich->25(15)
25(15)->Gegner->1(16)
9(10)->Ich->27(11)
27(11)->Gegner->3(12)
3(12)->Ich->21(13)
21(13)->Gegner->7(14)
7(14)->Ich->35(15)
35(15)->Gegner->5(16)
5(16)->Ich->25(17)
25(17)->Gegner->1(18)
18(7)->Gegner->2(8)
18(7)->Gegner->3(8)
18(7)->Gegner->9(8)
18(7)->Gegner->36(8)
2(8)->Ich->22(9)
22(9)->Gegner->11(10)
11(10)->Ich->33(11)
33(11)->Gegner->3(12)
3(12)->Ich->21(13)
21(13)->Gegner->7(14)
7(14)->Ich->35(15)
35(15)->Gegner->5(16)
5(16)->Ich->25(17)
25(17)->Gegner->1(18)
3(8)->Ich->21(9)
21(9)->Gegner->7(10)
7(10)->Ich->35(11)
35(11)->Gegner->5(12)
5(12)->Ich->25(13)
25(13)->Gegner->1(14)
9(8)->Ich->27(9)
27(9)->Gegner->3(10)
3(10)->Ich->21(11)
21(11)->Gegner->7(12)
7(12)->Ich->35(13)
35(13)->Gegner->5(14)
5(14)->Ich->25(15)
25(15)->Gegner->1(16)
36(8)->Ich->12(9)
12(9)->Gegner->2(10)
12(9)->Gegner->3(10)
2(10)->Ich->22(11)
22(11)->Gegner->11(12)
11(12)->Ich->33(13)
33(13)->Gegner->3(14)
3(14)->Ich->21(15)
21(15)->Gegner->7(16)
7(16)->Ich->35(17)
35(17)->Gegner->5(18)
5(18)->Ich->25(19)
25(19)->Gegner->1(20)
3(10)->Ich->21(11)
21(11)->Gegner->7(12)
7(12)->Ich->35(13)
35(13)->Gegner->5(14)
5(14)->Ich->25(15)
25(15)->Gegner->1(16)
12(6)->Ich->6(7)
12(6)->Ich->36(7)
6(7)->Gegner->2(8)
6(7)->Gegner->3(8)
6(7)->Gegner->18(8)
6(7)->Gegner->30(8)
6(7)->Gegner->36(8)
2(8)->Ich->22(9)
22(9)->Gegner->11(10)
11(10)->Ich->33(11)
33(11)->Gegner->3(12)
3(12)->Ich->21(13)
21(13)->Gegner->7(14)
7(14)->Ich->35(15)
35(15)->Gegner->5(16)
5(16)->Ich->25(17)
25(17)->Gegner->1(18)
3(8)->Ich->21(9)
21(9)->Gegner->7(10)
7(10)->Ich->35(11)
35(11)->Gegner->5(12)
5(12)->Ich->25(13)
25(13)->Gegner->1(14)
18(8)->Ich->36(9)
36(9)->Gegner->2(10)
36(9)->Gegner->3(10)
36(9)->Gegner->9(10)
2(10)->Ich->22(11)
22(11)->Gegner->11(12)
11(12)->Ich->33(13)
33(13)->Gegner->3(14)
3(14)->Ich->21(15)
21(15)->Gegner->7(16)
7(16)->Ich->35(17)
35(17)->Gegner->5(18)
5(18)->Ich->25(19)
25(19)->Gegner->1(20)
3(10)->Ich->21(11)
21(11)->Gegner->7(12)
7(12)->Ich->35(13)
35(13)->Gegner->5(14)
5(14)->Ich->25(15)
25(15)->Gegner->1(16)
9(10)->Ich->27(11)
27(11)->Gegner->3(12)
3(12)->Ich->21(13)
21(13)->Gegner->7(14)
7(14)->Ich->35(15)
35(15)->Gegner->5(16)
5(16)->Ich->25(17)
25(17)->Gegner->1(18)
30(8)->Ich->15(9)
15(9)->Gegner->3(10)
15(9)->Gegner->5(10)
3(10)->Ich->21(11)
21(11)->Gegner->7(12)
7(12)->Ich->35(13)
35(13)->Gegner->5(14)
5(14)->Ich->25(15)
25(15)->Gegner->1(16)
5(10)->Ich->25(11)
25(11)->Gegner->1(12)
36(8)->Ich->18(9)
18(9)->Gegner->2(10)
18(9)->Gegner->3(10)
18(9)->Gegner->9(10)
2(10)->Ich->22(11)
22(11)->Gegner->11(12)
11(12)->Ich->33(13)
33(13)->Gegner->3(14)
3(14)->Ich->21(15)
21(15)->Gegner->7(16)
7(16)->Ich->35(17)
35(17)->Gegner->5(18)
5(18)->Ich->25(19)
25(19)->Gegner->1(20)
3(10)->Ich->21(11)
21(11)->Gegner->7(12)
7(12)->Ich->35(13)
35(13)->Gegner->5(14)
5(14)->Ich->25(15)
25(15)->Gegner->1(16)
9(10)->Ich->27(11)
27(11)->Gegner->3(12)
3(12)->Ich->21(13)
21(13)->Gegner->7(14)
7(14)->Ich->35(15)
35(15)->Gegner->5(16)
5(16)->Ich->25(17)
25(17)->Gegner->1(18)
36(7)->Gegner->2(8)
36(7)->Gegner->3(8)
36(7)->Gegner->6(8)
36(7)->Gegner->9(8)
36(7)->Gegner->18(8)
2(8)->Ich->22(9)
22(9)->Gegner->11(10)
11(10)->Ich->33(11)
33(11)->Gegner->3(12)
3(12)->Ich->21(13)
21(13)->Gegner->7(14)
7(14)->Ich->35(15)
35(15)->Gegner->5(16)
5(16)->Ich->25(17)
25(17)->Gegner->1(18)
3(8)->Ich->21(9)
21(9)->Gegner->7(10)
7(10)->Ich->35(11)
35(11)->Gegner->5(12)
5(12)->Ich->25(13)
25(13)->Gegner->1(14)
6(8)->Ich->18(9)
18(9)->Gegner->2(10)
18(9)->Gegner->3(10)
18(9)->Gegner->9(10)
2(10)->Ich->22(11)
22(11)->Gegner->11(12)
11(12)->Ich->33(13)
33(13)->Gegner->3(14)
3(14)->Ich->21(15)
21(15)->Gegner->7(16)
7(16)->Ich->35(17)
35(17)->Gegner->5(18)
5(18)->Ich->25(19)
25(19)->Gegner->1(20)
3(10)->Ich->21(11)
21(11)->Gegner->7(12)
7(12)->Ich->35(13)
35(13)->Gegner->5(14)
5(14)->Ich->25(15)
25(15)->Gegner->1(16)
9(10)->Ich->27(11)
27(11)->Gegner->3(12)
3(12)->Ich->21(13)
21(13)->Gegner->7(14)
7(14)->Ich->35(15)
35(15)->Gegner->5(16)
5(16)->Ich->25(17)
25(17)->Gegner->1(18)
9(8)->Ich->27(9)
27(9)->Gegner->3(10)
3(10)->Ich->21(11)
21(11)->Gegner->7(12)
7(12)->Ich->35(13)
35(13)->Gegner->5(14)
5(14)->Ich->25(15)
25(15)->Gegner->1(16)
18(8)->Ich->6(9)
6(9)->Gegner->2(10)
6(9)->Gegner->3(10)
6(9)->Gegner->30(10)
2(10)->Ich->22(11)
22(11)->Gegner->11(12)
11(12)->Ich->33(13)
33(13)->Gegner->3(14)
3(14)->Ich->21(15)
21(15)->Gegner->7(16)
7(16)->Ich->35(17)
35(17)->Gegner->5(18)
5(18)->Ich->25(19)
25(19)->Gegner->1(20)
3(10)->Ich->21(11)
21(11)->Gegner->7(12)
7(12)->Ich->35(13)
35(13)->Gegner->5(14)
5(14)->Ich->25(15)
25(15)->Gegner->1(16)
30(10)->Ich->15(11)
15(11)->Gegner->3(12)
15(11)->Gegner->5(12)
3(12)->Ich->21(13)
21(13)->Gegner->7(14)
7(14)->Ich->35(15)
35(15)->Gegner->5(16)
5(16)->Ich->25(17)
25(17)->Gegner->1(18)
5(12)->Ich->25(13)
25(13)->Gegner->1(14)
20(2)->Ich->10(3)
10(3)->Gegner->2(4)
10(3)->Gegner->5(4)
10(3)->Gegner->30(4)
2(4)->Ich->22(5)
22(5)->Gegner->11(6)
11(6)->Ich->33(7)
33(7)->Gegner->3(8)
3(8)->Ich->21(9)
21(9)->Gegner->7(10)
7(10)->Ich->35(11)
35(11)->Gegner->5(12)
5(12)->Ich->25(13)
25(13)->Gegner->1(14)
5(4)->Ich->25(5)
25(5)->Gegner->1(6)
30(4)->Ich->15(5)
15(5)->Gegner->3(6)
15(5)->Gegner->5(6)
3(6)->Ich->21(7)
21(7)->Gegner->7(8)
7(8)->Ich->35(9)
35(9)->Gegner->5(10)
5(10)->Ich->25(11)
25(11)->Gegner->1(12)
5(6)->Ich->25(7)
25(7)->Gegner->1(8)
24(2)->Ich->8(3)
8(3)->Gegner->2(4)
8(3)->Gegner->16(4)
8(3)->Gegner->32(4)
2(4)->Ich->22(5)
22(5)->Gegner->11(6)
11(6)->Ich->33(7)
33(7)->Gegner->3(8)
3(8)->Ich->21(9)
21(9)->Gegner->7(10)
7(10)->Ich->35(11)
35(11)->Gegner->5(12)
5(12)->Ich->25(13)
25(13)->Gegner->1(14)
16(4)->Ich->32(5)
32(5)->Gegner->2(6)
2(6)->Ich->22(7)
22(7)->Gegner->11(8)
11(8)->Ich->33(9)
33(9)->Gegner->3(10)
3(10)->Ich->21(11)
21(11)->Gegner->7(12)
7(12)->Ich->35(13)
35(13)->Gegner->5(14)
5(14)->Ich->25(15)
25(15)->Gegner->1(16)
32(4)->Ich->16(5)
16(5)->Gegner->2(6)
2(6)->Ich->22(7)
22(7)->Gegner->11(8)
11(8)->Ich->33(9)
33(9)->Gegner->3(10)
3(10)->Ich->21(11)
21(11)->Gegner->7(12)
7(12)->Ich->35(13)
35(13)->Gegner->5(14)
5(14)->Ich->25(15)
25(15)->Gegner->1(16)
28(2)->Ich->14(3)
14(3)->Gegner->2(4)
14(3)->Gegner->7(4)
2(4)->Ich->22(5)
22(5)->Gegner->11(6)
11(6)->Ich->33(7)
33(7)->Gegner->3(8)
3(8)->Ich->21(9)
21(9)->Gegner->7(10)
7(10)->Ich->35(11)
35(11)->Gegner->5(12)
5(12)->Ich->25(13)
25(13)->Gegner->1(14)
7(4)->Ich->35(5)
35(5)->Gegner->5(6)
5(6)->Ich->25(7)
25(7)->Gegner->1(8)
32(2)->Ich->16(3)
16(3)->Gegner->2(4)
16(3)->Gegner->8(4)
2(4)->Ich->22(5)
22(5)->Gegner->11(6)
11(6)->Ich->33(7)
33(7)->Gegner->3(8)
3(8)->Ich->21(9)
21(9)->Gegner->7(10)
7(10)->Ich->35(11)
35(11)->Gegner->5(12)
5(12)->Ich->25(13)
25(13)->Gegner->1(14)
8(4)->Ich->24(5)
24(5)->Gegner->2(6)
24(5)->Gegner->3(6)
24(5)->Gegner->6(6)
24(5)->Gegner->12(6)
2(6)->Ich->22(7)
22(7)->Gegner->11(8)
11(8)->Ich->33(9)
33(9)->Gegner->3(10)
3(10)->Ich->21(11)
21(11)->Gegner->7(12)
7(12)->Ich->35(13)
35(13)->Gegner->5(14)
5(14)->Ich->25(15)
25(15)->Gegner->1(16)
3(6)->Ich->21(7)
21(7)->Gegner->7(8)
7(8)->Ich->35(9)
35(9)->Gegner->5(10)
5(10)->Ich->25(11)
25(11)->Gegner->1(12)
6(6)->Ich->12(7)
6(6)->Ich->18(7)
12(7)->Gegner->2(8)
12(7)->Gegner->3(8)
12(7)->Gegner->36(8)
2(8)->Ich->22(9)
22(9)->Gegner->11(10)
11(10)->Ich->33(11)
33(11)->Gegner->3(12)
3(12)->Ich->21(13)
21(13)->Gegner->7(14)
7(14)->Ich->35(15)
35(15)->Gegner->5(16)
5(16)->Ich->25(17)
25(17)->Gegner->1(18)
3(8)->Ich->21(9)
21(9)->Gegner->7(10)
7(10)->Ich->35(11)
35(11)->Gegner->5(12)
5(12)->Ich->25(13)
25(13)->Gegner->1(14)
36(8)->Ich->18(9)
18(9)->Gegner->2(10)
18(9)->Gegner->3(10)
18(9)->Gegner->9(10)
2(10)->Ich->22(11)
22(11)->Gegner->11(12)
11(12)->Ich->33(13)
33(13)->Gegner->3(14)
3(14)->Ich->21(15)
21(15)->Gegner->7(16)
7(16)->Ich->35(17)
35(17)->Gegner->5(18)
5(18)->Ich->25(19)
25(19)->Gegner->1(20)
3(10)->Ich->21(11)
21(11)->Gegner->7(12)
7(12)->Ich->35(13)
35(13)->Gegner->5(14)
5(14)->Ich->25(15)
25(15)->Gegner->1(16)
9(10)->Ich->27(11)
27(11)->Gegner->3(12)
3(12)->Ich->21(13)
21(13)->Gegner->7(14)
7(14)->Ich->35(15)
35(15)->Gegner->5(16)
5(16)->Ich->25(17)
25(17)->Gegner->1(18)
18(7)->Gegner->2(8)
18(7)->Gegner->3(8)
18(7)->Gegner->9(8)
18(7)->Gegner->36(8)
2(8)->Ich->22(9)
22(9)->Gegner->11(10)
11(10)->Ich->33(11)
33(11)->Gegner->3(12)
3(12)->Ich->21(13)
21(13)->Gegner->7(14)
7(14)->Ich->35(15)
35(15)->Gegner->5(16)
5(16)->Ich->25(17)
25(17)->Gegner->1(18)
3(8)->Ich->21(9)
21(9)->Gegner->7(10)
7(10)->Ich->35(11)
35(11)->Gegner->5(12)
5(12)->Ich->25(13)
25(13)->Gegner->1(14)
9(8)->Ich->27(9)
27(9)->Gegner->3(10)
3(10)->Ich->21(11)
21(11)->Gegner->7(12)
7(12)->Ich->35(13)
35(13)->Gegner->5(14)
5(14)->Ich->25(15)
25(15)->Gegner->1(16)
36(8)->Ich->12(9)
12(9)->Gegner->2(10)
12(9)->Gegner->3(10)
2(10)->Ich->22(11)
22(11)->Gegner->11(12)
11(12)->Ich->33(13)
33(13)->Gegner->3(14)
3(14)->Ich->21(15)
21(15)->Gegner->7(16)
7(16)->Ich->35(17)
35(17)->Gegner->5(18)
5(18)->Ich->25(19)
25(19)->Gegner->1(20)
3(10)->Ich->21(11)
21(11)->Gegner->7(12)
7(12)->Ich->35(13)
35(13)->Gegner->5(14)
5(14)->Ich->25(15)
25(15)->Gegner->1(16)
12(6)->Ich->6(7)
12(6)->Ich->36(7)
6(7)->Gegner->2(8)
6(7)->Gegner->3(8)
6(7)->Gegner->18(8)
6(7)->Gegner->30(8)
6(7)->Gegner->36(8)
2(8)->Ich->22(9)
22(9)->Gegner->11(10)
11(10)->Ich->33(11)
33(11)->Gegner->3(12)
3(12)->Ich->21(13)
21(13)->Gegner->7(14)
7(14)->Ich->35(15)
35(15)->Gegner->5(16)
5(16)->Ich->25(17)
25(17)->Gegner->1(18)
3(8)->Ich->21(9)
21(9)->Gegner->7(10)
7(10)->Ich->35(11)
35(11)->Gegner->5(12)
5(12)->Ich->25(13)
25(13)->Gegner->1(14)
18(8)->Ich->36(9)
36(9)->Gegner->2(10)
36(9)->Gegner->3(10)
36(9)->Gegner->9(10)
2(10)->Ich->22(11)
22(11)->Gegner->11(12)
11(12)->Ich->33(13)
33(13)->Gegner->3(14)
3(14)->Ich->21(15)
21(15)->Gegner->7(16)
7(16)->Ich->35(17)
35(17)->Gegner->5(18)
5(18)->Ich->25(19)
25(19)->Gegner->1(20)
3(10)->Ich->21(11)
21(11)->Gegner->7(12)
7(12)->Ich->35(13)
35(13)->Gegner->5(14)
5(14)->Ich->25(15)
25(15)->Gegner->1(16)
9(10)->Ich->27(11)
27(11)->Gegner->3(12)
3(12)->Ich->21(13)
21(13)->Gegner->7(14)
7(14)->Ich->35(15)
35(15)->Gegner->5(16)
5(16)->Ich->25(17)
25(17)->Gegner->1(18)
30(8)->Ich->15(9)
15(9)->Gegner->3(10)
15(9)->Gegner->5(10)
3(10)->Ich->21(11)
21(11)->Gegner->7(12)
7(12)->Ich->35(13)
35(13)->Gegner->5(14)
5(14)->Ich->25(15)
25(15)->Gegner->1(16)
5(10)->Ich->25(11)
25(11)->Gegner->1(12)
36(8)->Ich->18(9)
18(9)->Gegner->2(10)
18(9)->Gegner->3(10)
18(9)->Gegner->9(10)
2(10)->Ich->22(11)
22(11)->Gegner->11(12)
11(12)->Ich->33(13)
33(13)->Gegner->3(14)
3(14)->Ich->21(15)
21(15)->Gegner->7(16)
7(16)->Ich->35(17)
35(17)->Gegner->5(18)
5(18)->Ich->25(19)
25(19)->Gegner->1(20)
3(10)->Ich->21(11)
21(11)->Gegner->7(12)
7(12)->Ich->35(13)
35(13)->Gegner->5(14)
5(14)->Ich->25(15)
25(15)->Gegner->1(16)
9(10)->Ich->27(11)
27(11)->Gegner->3(12)
3(12)->Ich->21(13)
21(13)->Gegner->7(14)
7(14)->Ich->35(15)
35(15)->Gegner->5(16)
5(16)->Ich->25(17)
25(17)->Gegner->1(18)
36(7)->Gegner->2(8)
36(7)->Gegner->3(8)
36(7)->Gegner->6(8)
36(7)->Gegner->9(8)
36(7)->Gegner->18(8)
2(8)->Ich->22(9)
22(9)->Gegner->11(10)
11(10)->Ich->33(11)
33(11)->Gegner->3(12)
3(12)->Ich->21(13)
21(13)->Gegner->7(14)
7(14)->Ich->35(15)
35(15)->Gegner->5(16)
5(16)->Ich->25(17)
25(17)->Gegner->1(18)
3(8)->Ich->21(9)
21(9)->Gegner->7(10)
7(10)->Ich->35(11)
35(11)->Gegner->5(12)
5(12)->Ich->25(13)
25(13)->Gegner->1(14)
6(8)->Ich->18(9)
18(9)->Gegner->2(10)
18(9)->Gegner->3(10)
18(9)->Gegner->9(10)
2(10)->Ich->22(11)
22(11)->Gegner->11(12)
11(12)->Ich->33(13)
33(13)->Gegner->3(14)
3(14)->Ich->21(15)
21(15)->Gegner->7(16)
7(16)->Ich->35(17)
35(17)->Gegner->5(18)
5(18)->Ich->25(19)
25(19)->Gegner->1(20)
3(10)->Ich->21(11)
21(11)->Gegner->7(12)
7(12)->Ich->35(13)
35(13)->Gegner->5(14)
5(14)->Ich->25(15)
25(15)->Gegner->1(16)
9(10)->Ich->27(11)
27(11)->Gegner->3(12)
3(12)->Ich->21(13)
21(13)->Gegner->7(14)
7(14)->Ich->35(15)
35(15)->Gegner->5(16)
5(16)->Ich->25(17)
25(17)->Gegner->1(18)
9(8)->Ich->27(9)
27(9)->Gegner->3(10)
3(10)->Ich->21(11)
21(11)->Gegner->7(12)
7(12)->Ich->35(13)
35(13)->Gegner->5(14)
5(14)->Ich->25(15)
25(15)->Gegner->1(16)
18(8)->Ich->6(9)
6(9)->Gegner->2(10)
6(9)->Gegner->3(10)
6(9)->Gegner->30(10)
2(10)->Ich->22(11)
22(11)->Gegner->11(12)
11(12)->Ich->33(13)
33(13)->Gegner->3(14)
3(14)->Ich->21(15)
21(15)->Gegner->7(16)
7(16)->Ich->35(17)
35(17)->Gegner->5(18)
5(18)->Ich->25(19)
25(19)->Gegner->1(20)
3(10)->Ich->21(11)
21(11)->Gegner->7(12)
7(12)->Ich->35(13)
35(13)->Gegner->5(14)
5(14)->Ich->25(15)
25(15)->Gegner->1(16)
30(10)->Ich->15(11)
15(11)->Gegner->3(12)
15(11)->Gegner->5(12)
3(12)->Ich->21(13)
21(13)->Gegner->7(14)
7(14)->Ich->35(15)
35(15)->Gegner->5(16)
5(16)->Ich->25(17)
25(17)->Gegner->1(18)
5(12)->Ich->25(13)
25(13)->Gegner->1(14)
36(2)->Ich->12(3)
36(2)->Ich->18(3)
12(3)->Gegner->2(4)
12(3)->Gegner->3(4)
12(3)->Gegner->6(4)
12(3)->Gegner->24(4)
2(4)->Ich->22(5)
22(5)->Gegner->11(6)
11(6)->Ich->33(7)
33(7)->Gegner->3(8)
3(8)->Ich->21(9)
21(9)->Gegner->7(10)
7(10)->Ich->35(11)
35(11)->Gegner->5(12)
5(12)->Ich->25(13)
25(13)->Gegner->1(14)
3(4)->Ich->21(5)
21(5)->Gegner->7(6)
7(6)->Ich->35(7)
35(7)->Gegner->5(8)
5(8)->Ich->25(9)
25(9)->Gegner->1(10)
6(4)->Ich->18(5)
18(5)->Gegner->2(6)
18(5)->Gegner->3(6)
18(5)->Gegner->9(6)
2(6)->Ich->22(7)
22(7)->Gegner->11(8)
11(8)->Ich->33(9)
33(9)->Gegner->3(10)
3(10)->Ich->21(11)
21(11)->Gegner->7(12)
7(12)->Ich->35(13)
35(13)->Gegner->5(14)
5(14)->Ich->25(15)
25(15)->Gegner->1(16)
3(6)->Ich->21(7)
21(7)->Gegner->7(8)
7(8)->Ich->35(9)
35(9)->Gegner->5(10)
5(10)->Ich->25(11)
25(11)->Gegner->1(12)
9(6)->Ich->27(7)
27(7)->Gegner->3(8)
3(8)->Ich->21(9)
21(9)->Gegner->7(10)
7(10)->Ich->35(11)
35(11)->Gegner->5(12)
5(12)->Ich->25(13)
25(13)->Gegner->1(14)
24(4)->Ich->8(5)
8(5)->Gegner->2(6)
8(5)->Gegner->16(6)
8(5)->Gegner->32(6)
2(6)->Ich->22(7)
22(7)->Gegner->11(8)
11(8)->Ich->33(9)
33(9)->Gegner->3(10)
3(10)->Ich->21(11)
21(11)->Gegner->7(12)
7(12)->Ich->35(13)
35(13)->Gegner->5(14)
5(14)->Ich->25(15)
25(15)->Gegner->1(16)
16(6)->Ich->32(7)
32(7)->Gegner->2(8)
2(8)->Ich->22(9)
22(9)->Gegner->11(10)
11(10)->Ich->33(11)
33(11)->Gegner->3(12)
3(12)->Ich->21(13)
21(13)->Gegner->7(14)
7(14)->Ich->35(15)
35(15)->Gegner->5(16)
5(16)->Ich->25(17)
25(17)->Gegner->1(18)
32(6)->Ich->16(7)
16(7)->Gegner->2(8)
2(8)->Ich->22(9)
22(9)->Gegner->11(10)
11(10)->Ich->33(11)
33(11)->Gegner->3(12)
3(12)->Ich->21(13)
21(13)->Gegner->7(14)
7(14)->Ich->35(15)
35(15)->Gegner->5(16)
5(16)->Ich->25(17)
25(17)->Gegner->1(18)
18(3)->Gegner->2(4)
18(3)->Gegner->3(4)
18(3)->Gegner->6(4)
18(3)->Gegner->9(4)
2(4)->Ich->22(5)
22(5)->Gegner->11(6)
11(6)->Ich->33(7)
33(7)->Gegner->3(8)
3(8)->Ich->21(9)
21(9)->Gegner->7(10)
7(10)->Ich->35(11)
35(11)->Gegner->5(12)
5(12)->Ich->25(13)
25(13)->Gegner->1(14)
3(4)->Ich->21(5)
21(5)->Gegner->7(6)
7(6)->Ich->35(7)
35(7)->Gegner->5(8)
5(8)->Ich->25(9)
25(9)->Gegner->1(10)
6(4)->Ich->12(5)
12(5)->Gegner->2(6)
12(5)->Gegner->3(6)
12(5)->Gegner->24(6)
2(6)->Ich->22(7)
22(7)->Gegner->11(8)
11(8)->Ich->33(9)
33(9)->Gegner->3(10)
3(10)->Ich->21(11)
21(11)->Gegner->7(12)
7(12)->Ich->35(13)
35(13)->Gegner->5(14)
5(14)->Ich->25(15)
25(15)->Gegner->1(16)
3(6)->Ich->21(7)
21(7)->Gegner->7(8)
7(8)->Ich->35(9)
35(9)->Gegner->5(10)
5(10)->Ich->25(11)
25(11)->Gegner->1(12)
24(6)->Ich->8(7)
8(7)->Gegner->2(8)
8(7)->Gegner->16(8)
8(7)->Gegner->32(8)
2(8)->Ich->22(9)
22(9)->Gegner->11(10)
11(10)->Ich->33(11)
33(11)->Gegner->3(12)
3(12)->Ich->21(13)
21(13)->Gegner->7(14)
7(14)->Ich->35(15)
35(15)->Gegner->5(16)
5(16)->Ich->25(17)
25(17)->Gegner->1(18)
16(8)->Ich->32(9)
32(9)->Gegner->2(10)
2(10)->Ich->22(11)
22(11)->Gegner->11(12)
11(12)->Ich->33(13)
33(13)->Gegner->3(14)
3(14)->Ich->21(15)
21(15)->Gegner->7(16)
7(16)->Ich->35(17)
35(17)->Gegner->5(18)
5(18)->Ich->25(19)
25(19)->Gegner->1(20)
32(8)->Ich->16(9)
16(9)->Gegner->2(10)
2(10)->Ich->22(11)
22(11)->Gegner->11(12)
11(12)->Ich->33(13)
33(13)->Gegner->3(14)
3(14)->Ich->21(15)
21(15)->Gegner->7(16)
7(16)->Ich->35(17)
35(17)->Gegner->5(18)
5(18)->Ich->25(19)
25(19)->Gegner->1(20)
9(4)->Ich->27(5)
27(5)->Gegner->3(6)
3(6)->Ich->21(7)
21(7)->Gegner->7(8)
7(8)->Ich->35(9)
35(9)->Gegner->5(10)
5(10)->Ich->25(11)
25(11)->Gegner->1(12)
