14(1)->Gegner->2(2)
14(1)->Gegner->7(2)
2(2)->Ich->4(3)
2(2)->Ich->8(3)
4(3)->Gegner->12(4)
12(4)->Ich->3(5)
12(4)->Ich->6(5)
3(5)->Gegner->6(6)
6(6)->Ich->18(7)
18(7)->Gegner->9(8)
9(8)->Ich->1(9)
6(5)->Gegner->3(6)
3(6)->Ich->9(7)
3(6)->Ich->15(7)
9(7)->Gegner->18(8)
18(8)->Ich->1(9)
15(7)->Gegner->5(8)
5(8)->Ich->10(9)
10(9)->Gegner->20(10)
20(10)->Ich->1(11)
8(3)->Gegner->16(4)
16(4)->Ich->4(5)
4(5)->Gegner->12(6)
12(6)->Ich->3(7)
12(6)->Ich->6(7)
3(7)->Gegner->6(8)
6(8)->Ich->18(9)
18(9)->Gegner->9(10)
9(10)->Ich->1(11)
6(7)->Gegner->3(8)
3(8)->Ich->9(9)
3(8)->Ich->15(9)
9(9)->Gegner->18(10)
18(10)->Ich->1(11)
15(9)->Gegner->5(10)
5(10)->Ich->10(11)
10(11)->Gegner->20(12)
20(12)->Ich->1(13)
7(2)->Ich->1(3)
