12(1)->Gegner->2(2)
12(1)->Gegner->4(2)
2(2)->Ich->4(3)
2(2)->Ich->10(3)
4(3)->Gegner->8(4)
4(3)->Gegner->20(4)
8(4)->Ich->16(5)
16(5)->Gegner->1(6)
20(4)->Ich->10(5)
10(5)->Gegner->5(6)
5(6)->Ich->15(7)
15(7)->Gegner->3(8)
3(8)->Ich->6(9)
6(9)->Gegner->18(10)
18(10)->Ich->9(11)
9(11)->Gegner->1(12)
10(3)->Gegner->5(4)
5(4)->Ich->15(5)
15(5)->Gegner->3(6)
3(6)->Ich->6(7)
6(7)->Gegner->18(8)
18(8)->Ich->9(9)
9(9)->Gegner->1(10)
4(2)->Ich->2(3)
2(3)->Gegner->6(4)
2(3)->Gegner->10(4)
6(4)->Ich->3(5)
3(5)->Gegner->9(6)
3(5)->Gegner->15(6)
9(6)->Ich->18(7)
18(7)->Gegner->1(8)
15(6)->Ich->5(7)
5(7)->Gegner->10(8)
10(8)->Ich->20(9)
20(9)->Gegner->1(10)
10(4)->Ich->20(5)
20(5)->Gegner->5(6)
5(6)->Ich->15(7)
15(7)->Gegner->3(8)
3(8)->Ich->6(9)
6(9)->Gegner->18(10)
18(10)->Ich->9(11)
9(11)->Gegner->1(12)
