4(1)->Gegner->2(2)
4(1)->Gegner->8(2)
2(2)->Ich->6(3)
6(3)->Gegner->3(4)
6(3)->Gegner->12(4)
3(4)->Ich->12(5)
12(5)->Gegner->1(6)
12(4)->Ich->3(5)
3(5)->Gegner->9(6)
3(5)->Gegner->15(6)
9(6)->Ich->18(7)
18(7)->Gegner->1(8)
15(6)->Ich->5(7)
5(7)->Gegner->10(8)
10(8)->Ich->20(9)
20(9)->Gegner->1(10)
8(2)->Ich->16(3)
16(3)->Gegner->2(4)
2(4)->Ich->6(5)
6(5)->Gegner->3(6)
6(5)->Gegner->12(6)
3(6)->Ich->12(7)
12(7)->Gegner->1(8)
12(6)->Ich->3(7)
3(7)->Gegner->9(8)
3(7)->Gegner->15(8)
9(8)->Ich->18(9)
18(9)->Gegner->1(10)
15(8)->Ich->5(9)
5(9)->Gegner->10(10)
10(10)->Ich->20(11)
20(11)->Gegner->1(12)
