16(1)->Gegner->2(2)
16(1)->Gegner->8(2)
2(2)->Ich->6(3)
6(3)->Gegner->3(4)
6(3)->Gegner->12(4)
3(4)->Ich->12(5)
12(5)->Gegner->4(6)
4(6)->Ich->8(7)
8(7)->Gegner->1(8)
12(4)->Ich->3(5)
3(5)->Gegner->9(6)
3(5)->Gegner->15(6)
9(6)->Ich->18(7)
18(7)->Gegner->1(8)
15(6)->Ich->5(7)
5(7)->Gegner->10(8)
10(8)->Ich->20(9)
20(9)->Gegner->4(10)
4(10)->Ich->8(11)
8(11)->Gegner->1(12)
8(2)->Ich->2(3)
2(3)->Gegner->4(4)
2(3)->Gegner->12(4)
4(4)->Ich->12(5)
12(5)->Gegner->3(6)
12(5)->Gegner->6(6)
3(6)->Ich->6(7)
6(7)->Gegner->18(8)
18(8)->Ich->9(9)
9(9)->Gegner->1(10)
6(6)->Ich->3(7)
3(7)->Gegner->9(8)
3(7)->Gegner->15(8)
9(8)->Ich->18(9)
18(9)->Gegner->1(10)
15(8)->Ich->5(9)
5(9)->Gegner->10(10)
10(10)->Ich->20(11)
20(11)->Gegner->1(12)
12(4)->Ich->4(5)
4(5)->Gegner->20(6)
20(6)->Ich->10(7)
10(7)->Gegner->5(8)
5(8)->Ich->15(9)
15(9)->Gegner->3(10)
3(10)->Ich->6(11)
6(11)->Gegner->18(12)
18(12)->Ich->9(13)
9(13)->Gegner->1(14)
