20(1)->Gegner->2(2)
20(1)->Gegner->4(2)
2(2)->Ich->4(3)
2(2)->Ich->6(3)
4(3)->Gegner->8(4)
4(3)->Gegner->12(4)
8(4)->Ich->16(5)
16(5)->Gegner->1(6)
12(4)->Ich->6(5)
6(5)->Gegner->3(6)
6(5)->Gegner->18(6)
3(6)->Ich->15(7)
15(7)->Gegner->5(8)
5(8)->Ich->10(9)
10(9)->Gegner->1(10)
18(6)->Ich->9(7)
9(7)->Gegner->3(8)
3(8)->Ich->15(9)
15(9)->Gegner->5(10)
5(10)->Ich->10(11)
10(11)->Gegner->1(12)
6(3)->Gegner->3(4)
6(3)->Gegner->18(4)
3(4)->Ich->15(5)
15(5)->Gegner->5(6)
5(6)->Ich->10(7)
10(7)->Gegner->1(8)
18(4)->Ich->9(5)
9(5)->Gegner->3(6)
3(6)->Ich->15(7)
15(7)->Gegner->5(8)
5(8)->Ich->10(9)
10(9)->Gegner->1(10)
4(2)->Ich->2(3)
2(3)->Gegner->6(4)
2(3)->Gegner->10(4)
6(4)->Ich->12(5)
12(5)->Gegner->3(6)
3(6)->Ich->15(7)
15(7)->Gegner->5(8)
5(8)->Ich->10(9)
10(9)->Gegner->1(10)
10(4)->Ich->5(5)
5(5)->Gegner->15(6)
15(6)->Ich->3(7)
3(7)->Gegner->6(8)
3(7)->Gegner->9(8)
6(8)->Ich->12(9)
12(9)->Gegner->1(10)
9(8)->Ich->18(9)
18(9)->Gegner->6(10)
6(10)->Ich->12(11)
12(11)->Gegner->1(12)
