6(1)->Gegner->2(2)
6(1)->Gegner->12(2)
2(2)->Ich->4(3)
4(3)->Gegner->8(4)
4(3)->Gegner->12(4)
8(4)->Ich->16(5)
16(5)->Gegner->1(6)
12(4)->Ich->3(5)
3(5)->Gegner->9(6)
3(5)->Gegner->15(6)
9(6)->Ich->18(7)
18(7)->Gegner->1(8)
15(6)->Ich->5(7)
5(7)->Gegner->10(8)
10(8)->Ich->20(9)
20(9)->Gegner->1(10)
12(2)->Ich->2(3)
12(2)->Ich->3(3)
2(3)->Gegner->4(4)
2(3)->Gegner->8(4)
4(4)->Ich->20(5)
20(5)->Gegner->5(6)
20(5)->Gegner->10(6)
5(6)->Ich->10(7)
10(7)->Gegner->1(8)
10(6)->Ich->5(7)
5(7)->Gegner->15(8)
15(8)->Ich->3(9)
3(9)->Gegner->9(10)
9(10)->Ich->18(11)
18(11)->Gegner->1(12)
8(4)->Ich->16(5)
16(5)->Gegner->4(6)
4(6)->Ich->20(7)
20(7)->Gegner->5(8)
20(7)->Gegner->10(8)
5(8)->Ich->10(9)
10(9)->Gegner->1(10)
10(8)->Ich->5(9)
5(9)->Gegner->15(10)
15(10)->Ich->3(11)
3(11)->Gegner->9(12)
9(12)->Ich->18(13)
18(13)->Gegner->1(14)
3(3)->Gegner->9(4)
9(4)->Ich->18(5)
18(5)->Gegner->2(6)
2(6)->Ich->4(7)
4(7)->Gegner->8(8)
4(7)->Gegner->20(8)
8(8)->Ich->16(9)
16(9)->Gegner->1(10)
20(8)->Ich->10(9)
10(9)->Gegner->5(10)
5(10)->Ich->15(11)
15(11)->Gegner->1(12)
