2(1)->Gegner->4(2)
2(1)->Gegner->8(2)
4(2)->Ich->12(3)
12(3)->Gegner->3(4)
12(3)->Gegner->6(4)
3(4)->Ich->6(5)
6(5)->Gegner->18(6)
18(6)->Ich->9(7)
9(7)->Gegner->1(8)
6(4)->Ich->3(5)
3(5)->Gegner->9(6)
3(5)->Gegner->15(6)
9(6)->Ich->18(7)
18(7)->Gegner->1(8)
15(6)->Ich->5(7)
5(7)->Gegner->10(8)
10(8)->Ich->20(9)
20(9)->Gegner->1(10)
8(2)->Ich->16(3)
16(3)->Gegner->4(4)
4(4)->Ich->12(5)
12(5)->Gegner->3(6)
12(5)->Gegner->6(6)
3(6)->Ich->6(7)
6(7)->Gegner->18(8)
18(8)->Ich->9(9)
9(9)->Gegner->1(10)
6(6)->Ich->3(7)
3(7)->Gegner->9(8)
3(7)->Gegner->15(8)
9(8)->Ich->18(9)
18(9)->Gegner->1(10)
15(8)->Ich->5(9)
5(9)->Gegner->10(10)
10(10)->Ich->20(11)
20(11)->Gegner->1(12)
