18(1)->Gegner->2(2)
18(1)->Gegner->6(2)
2(2)->Ich->4(3)
4(3)->Gegner->8(4)
4(3)->Gegner->12(4)
4(3)->Gegner->20(4)
8(4)->Ich->16(5)
16(5)->Gegner->1(6)
12(4)->Ich->6(5)
6(5)->Gegner->3(6)
3(6)->Ich->9(7)
9(7)->Gegner->1(8)
20(4)->Ich->10(5)
10(5)->Gegner->5(6)
5(6)->Ich->15(7)
15(7)->Gegner->3(8)
3(8)->Ich->9(9)
9(9)->Gegner->1(10)
6(2)->Ich->2(3)
2(3)->Gegner->4(4)
2(3)->Gegner->8(4)
2(3)->Gegner->12(4)
4(4)->Ich->12(5)
12(5)->Gegner->3(6)
3(6)->Ich->9(7)
9(7)->Gegner->1(8)
8(4)->Ich->16(5)
16(5)->Gegner->4(6)
4(6)->Ich->12(7)
12(7)->Gegner->3(8)
3(8)->Ich->9(9)
9(9)->Gegner->1(10)
12(4)->Ich->4(5)
4(5)->Gegner->8(6)
4(5)->Gegner->20(6)
8(6)->Ich->16(7)
16(7)->Gegner->1(8)
20(6)->Ich->10(7)
10(7)->Gegner->5(8)
5(8)->Ich->15(9)
15(9)->Gegner->3(10)
3(10)->Ich->9(11)
9(11)->Gegner->1(12)
