4(1)->Gegner->2(2)
4(1)->Gegner->8(2)
4(1)->Gegner->12(2)
4(1)->Gegner->16(2)
4(1)->Gegner->20(2)
4(1)->Gegner->24(2)
4(1)->Gegner->28(2)
4(1)->Gegner->32(2)
4(1)->Gegner->36(2)
2(2)->Ich->22(3)
2(2)->Ich->26(3)
22(3)->Gegner->11(4)
11(4)->Ich->33(5)
33(5)->Gegner->3(6)
3(6)->Ich->21(7)
3(6)->Ich->39(7)
21(7)->Gegner->7(8)
7(8)->Ich->35(9)
35(9)->Gegner->5(10)
5(10)->Ich->25(11)
25(11)->Gegner->1(12)
39(7)->Gegner->13(8)
13(8)->Ich->26(9)
26(9)->Gegner->1(10)
26(3)->Gegner->13(4)
13(4)->Ich->39(5)
39(5)->Gegner->3(6)
3(6)->Ich->21(7)
3(6)->Ich->33(7)
21(7)->Gegner->7(8)
7(8)->Ich->35(9)
35(9)->Gegner->5(10)
5(10)->Ich->25(11)
25(11)->Gegner->1(12)
33(7)->Gegner->11(8)
11(8)->Ich->22(9)
22(9)->Gegner->1(10)
8(2)->Ich->24(3)
24(3)->Gegner->2(4)
24(3)->Gegner->3(4)
24(3)->Gegner->6(4)
24(3)->Gegner->12(4)
2(4)->Ich->22(5)
2(4)->Ich->26(5)
22(5)->Gegner->11(6)
11(6)->Ich->33(7)
33(7)->Gegner->3(8)
3(8)->Ich->21(9)
3(8)->Ich->39(9)
21(9)->Gegner->7(10)
7(10)->Ich->35(11)
35(11)->Gegner->5(12)
5(12)->Ich->25(13)
25(13)->Gegner->1(14)
39(9)->Gegner->13(10)
13(10)->Ich->26(11)
26(11)->Gegner->1(12)
26(5)->Gegner->13(6)
13(6)->Ich->39(7)
39(7)->Gegner->3(8)
3(8)->Ich->21(9)
3(8)->Ich->33(9)
21(9)->Gegner->7(10)
7(10)->Ich->35(11)
35(11)->Gegner->5(12)
5(12)->Ich->25(13)
25(13)->Gegner->1(14)
33(9)->Gegner->11(10)
11(10)->Ich->22(11)
22(11)->Gegner->1(12)
3(4)->Ich->21(5)
3(4)->Ich->33(5)
3(4)->Ich->39(5)
21(5)->Gegner->7(6)
7(6)->Ich->35(7)
35(7)->Gegner->5(8)
5(8)->Ich->25(9)
25(9)->Gegner->1(10)
33(5)->Gegner->11(6)
11(6)->Ich->22(7)
22(7)->Gegner->2(8)
2(8)->Ich->26(9)
26(9)->Gegner->13(10)
13(10)->Ich->39(11)
39(11)->Gegner->1(12)
39(5)->Gegner->13(6)
13(6)->Ich->26(7)
26(7)->Gegner->2(8)
2(8)->Ich->22(9)
22(9)->Gegner->11(10)
11(10)->Ich->33(11)
33(11)->Gegner->1(12)
6(4)->Ich->12(5)
6(4)->Ich->18(5)
12(5)->Gegner->2(6)
12(5)->Gegner->3(6)
12(5)->Gegner->36(6)
2(6)->Ich->22(7)
2(6)->Ich->26(7)
22(7)->Gegner->11(8)
11(8)->Ich->33(9)
33(9)->Gegner->3(10)
3(10)->Ich->21(11)
3(10)->Ich->39(11)
21(11)->Gegner->7(12)
7(12)->Ich->35(13)
35(13)->Gegner->5(14)
5(14)->Ich->25(15)
25(15)->Gegner->1(16)
39(11)->Gegner->13(12)
13(12)->Ich->26(13)
26(13)->Gegner->1(14)
26(7)->Gegner->13(8)
13(8)->Ich->39(9)
39(9)->Gegner->3(10)
3(10)->Ich->21(11)
3(10)->Ich->33(11)
21(11)->Gegner->7(12)
7(12)->Ich->35(13)
35(13)->Gegner->5(14)
5(14)->Ich->25(15)
25(15)->Gegner->1(16)
33(11)->Gegner->11(12)
11(12)->Ich->22(13)
22(13)->Gegner->1(14)
3(6)->Ich->21(7)
3(6)->Ich->33(7)
3(6)->Ich->39(7)
21(7)->Gegner->7(8)
7(8)->Ich->35(9)
35(9)->Gegner->5(10)
5(10)->Ich->25(11)
25(11)->Gegner->1(12)
33(7)->Gegner->11(8)
11(8)->Ich->22(9)
22(9)->Gegner->2(10)
2(10)->Ich->26(11)
26(11)->Gegner->13(12)
13(12)->Ich->39(13)
39(13)->Gegner->1(14)
39(7)->Gegner->13(8)
13(8)->Ich->26(9)
26(9)->Gegner->2(10)
2(10)->Ich->22(11)
22(11)->Gegner->11(12)
11(12)->Ich->33(13)
33(13)->Gegner->1(14)
36(6)->Ich->18(7)
18(7)->Gegner->2(8)
18(7)->Gegner->3(8)
18(7)->Gegner->9(8)
2(8)->Ich->22(9)
2(8)->Ich->26(9)
22(9)->Gegner->11(10)
11(10)->Ich->33(11)
33(11)->Gegner->3(12)
3(12)->Ich->21(13)
3(12)->Ich->39(13)
21(13)->Gegner->7(14)
7(14)->Ich->35(15)
35(15)->Gegner->5(16)
5(16)->Ich->25(17)
25(17)->Gegner->1(18)
39(13)->Gegner->13(14)
13(14)->Ich->26(15)
26(15)->Gegner->1(16)
26(9)->Gegner->13(10)
13(10)->Ich->39(11)
39(11)->Gegner->3(12)
3(12)->Ich->21(13)
3(12)->Ich->33(13)
21(13)->Gegner->7(14)
7(14)->Ich->35(15)
35(15)->Gegner->5(16)
5(16)->Ich->25(17)
25(17)->Gegner->1(18)
33(13)->Gegner->11(14)
11(14)->Ich->22(15)
22(15)->Gegner->1(16)
3(8)->Ich->21(9)
3(8)->Ich->33(9)
3(8)->Ich->39(9)
21(9)->Gegner->7(10)
7(10)->Ich->35(11)
35(11)->Gegner->5(12)
5(12)->Ich->25(13)
25(13)->Gegner->1(14)
33(9)->Gegner->11(10)
11(10)->Ich->22(11)
22(11)->Gegner->2(12)
2(12)->Ich->26(13)
26(13)->Gegner->13(14)
13(14)->Ich->39(15)
39(15)->Gegner->1(16)
39(9)->Gegner->13(10)
13(10)->Ich->26(11)
26(11)->Gegner->2(12)
2(12)->Ich->22(13)
22(13)->Gegner->11(14)
11(14)->Ich->33(15)
33(15)->Gegner->1(16)
9(8)->Ich->27(9)
27(9)->Gegner->3(10)
3(10)->Ich->21(11)
3(10)->Ich->33(11)
3(10)->Ich->39(11)
21(11)->Gegner->7(12)
7(12)->Ich->35(13)
35(13)->Gegner->5(14)
5(14)->Ich->25(15)
25(15)->Gegner->1(16)
33(11)->Gegner->11(12)
11(12)->Ich->22(13)
22(13)->Gegner->2(14)
2(14)->Ich->26(15)
26(15)->Gegner->13(16)
13(16)->Ich->39(17)
39(17)->Gegner->1(18)
39(11)->Gegner->13(12)
13(12)->Ich->26(13)
26(13)->Gegner->2(14)
2(14)->Ich->22(15)
22(15)->Gegner->11(16)
11(16)->Ich->33(17)
33(17)->Gegner->1(18)
18(5)->Gegner->2(6)
18(5)->Gegner->3(6)
18(5)->Gegner->9(6)
18(5)->Gegner->36(6)
2(6)->Ich->22(7)
2(6)->Ich->26(7)
22(7)->Gegner->11(8)
11(8)->Ich->33(9)
33(9)->Gegner->3(10)
3(10)->Ich->21(11)
3(10)->Ich->39(11)
21(11)->Gegner->7(12)
7(12)->Ich->35(13)
35(13)->Gegner->5(14)
5(14)->Ich->25(15)
25(15)->Gegner->1(16)
39(11)->Gegner->13(12)
13(12)->Ich->26(13)
26(13)->Gegner->1(14)
26(7)->Gegner->13(8)
13(8)->Ich->39(9)
39(9)->Gegner->3(10)
3(10)->Ich->21(11)
3(10)->Ich->33(11)
21(11)->Gegner->7(12)
7(12)->Ich->35(13)
35(13)->Gegner->5(14)
5(14)->Ich->25(15)
25(15)->Gegner->1(16)
33(11)->Gegner->11(12)
11(12)->Ich->22(13)
22(13)->Gegner->1(14)
3(6)->Ich->21(7)
3(6)->Ich->33(7)
3(6)->Ich->39(7)
21(7)->Gegner->7(8)
7(8)->Ich->35(9)
35(9)->Gegner->5(10)
5(10)->Ich->25(11)
25(11)->Gegner->1(12)
33(7)->Gegner->11(8)
11(8)->Ich->22(9)
22(9)->Gegner->2(10)
2(10)->Ich->26(11)
26(11)->Gegner->13(12)
13(12)->Ich->39(13)
39(13)->Gegner->1(14)
39(7)->Gegner->13(8)
13(8)->Ich->26(9)
26(9)->Gegner->2(10)
2(10)->Ich->22(11)
22(11)->Gegner->11(12)
11(12)->Ich->33(13)
33(13)->Gegner->1(14)
9(6)->Ich->27(7)
27(7)->Gegner->3(8)
3(8)->Ich->21(9)
3(8)->Ich->33(9)
3(8)->Ich->39(9)
21(9)->Gegner->7(10)
7(10)->Ich->35(11)
35(11)->Gegner->5(12)
5(12)->Ich->25(13)
25(13)->Gegner->1(14)
33(9)->Gegner->11(10)
11(10)->Ich->22(11)
22(11)->Gegner->2(12)
2(12)->Ich->26(13)
26(13)->Gegner->13(14)
13(14)->Ich->39(15)
39(15)->Gegner->1(16)
39(9)->Gegner->13(10)
13(10)->Ich->26(11)
26(11)->Gegner->2(12)
2(12)->Ich->22(13)
22(13)->Gegner->11(14)
11(14)->Ich->33(15)
33(15)->Gegner->1(16)
36(6)->Ich->12(7)
12(7)->Gegner->2(8)
12(7)->Gegner->3(8)
2(8)->Ich->22(9)
2(8)->Ich->26(9)
22(9)->Gegner->11(10)
11(10)->Ich->33(11)
33(11)->Gegner->3(12)
3(12)->Ich->21(13)
3(12)->Ich->39(13)
21(13)->Gegner->7(14)
7(14)->Ich->35(15)
35(15)->Gegner->5(16)
5(16)->Ich->25(17)
25(17)->Gegner->1(18)
39(13)->Gegner->13(14)
13(14)->Ich->26(15)
26(15)->Gegner->1(16)
26(9)->Gegner->13(10)
13(10)->Ich->39(11)
39(11)->Gegner->3(12)
3(12)->Ich->21(13)
3(12)->Ich->33(13)
21(13)->Gegner->7(14)
7(14)->Ich->35(15)
35(15)->Gegner->5(16)
5(16)->Ich->25(17)
25(17)->Gegner->1(18)
33(13)->Gegner->11(14)
11(14)->Ich->22(15)
22(15)->Gegner->1(16)
3(8)->Ich->21(9)
3(8)->Ich->33(9)
3(8)->Ich->39(9)
21(9)->Gegner->7(10)
7(10)->Ich->35(11)
35(11)->Gegner->5(12)
5(12)->Ich->25(13)
25(13)->Gegner->1(14)
33(9)->Gegner->11(10)
11(10)->Ich->22(11)
22(11)->Gegner->2(12)
2(12)->Ich->26(13)
26(13)->Gegner->13(14)
13(14)->Ich->39(15)
39(15)->Gegner->1(16)
39(9)->Gegner->13(10)
13(10)->Ich->26(11)
26(11)->Gegner->2(12)
2(12)->Ich->22(13)
22(13)->Gegner->11(14)
11(14)->Ich->33(15)
33(15)->Gegner->1(16)
12(4)->Ich->6(5)
12(4)->Ich->36(5)
6(5)->Gegner->2(6)
6(5)->Gegner->3(6)
6(5)->Gegner->18(6)
6(5)->Gegner->30(6)
6(5)->Gegner->36(6)
2(6)->Ich->22(7)
2(6)->Ich->26(7)
22(7)->Gegner->11(8)
11(8)->Ich->33(9)
33(9)->Gegner->3(10)
3(10)->Ich->21(11)
3(10)->Ich->39(11)
21(11)->Gegner->7(12)
7(12)->Ich->35(13)
35(13)->Gegner->5(14)
5(14)->Ich->25(15)
25(15)->Gegner->1(16)
39(11)->Gegner->13(12)
13(12)->Ich->26(13)
26(13)->Gegner->1(14)
26(7)->Gegner->13(8)
13(8)->Ich->39(9)
39(9)->Gegner->3(10)
3(10)->Ich->21(11)
3(10)->Ich->33(11)
21(11)->Gegner->7(12)
7(12)->Ich->35(13)
35(13)->Gegner->5(14)
5(14)->Ich->25(15)
25(15)->Gegner->1(16)
33(11)->Gegner->11(12)
11(12)->Ich->22(13)
22(13)->Gegner->1(14)
3(6)->Ich->21(7)
3(6)->Ich->33(7)
3(6)->Ich->39(7)
21(7)->Gegner->7(8)
7(8)->Ich->35(9)
35(9)->Gegner->5(10)
5(10)->Ich->25(11)
25(11)->Gegner->1(12)
33(7)->Gegner->11(8)
11(8)->Ich->22(9)
22(9)->Gegner->2(10)
2(10)->Ich->26(11)
26(11)->Gegner->13(12)
13(12)->Ich->39(13)
39(13)->Gegner->1(14)
39(7)->Gegner->13(8)
13(8)->Ich->26(9)
26(9)->Gegner->2(10)
2(10)->Ich->22(11)
22(11)->Gegner->11(12)
11(12)->Ich->33(13)
33(13)->Gegner->1(14)
18(6)->Ich->36(7)
36(7)->Gegner->2(8)
36(7)->Gegner->3(8)
36(7)->Gegner->9(8)
2(8)->Ich->22(9)
2(8)->Ich->26(9)
22(9)->Gegner->11(10)
11(10)->Ich->33(11)
33(11)->Gegner->3(12)
3(12)->Ich->21(13)
3(12)->Ich->39(13)
21(13)->Gegner->7(14)
7(14)->Ich->35(15)
35(15)->Gegner->5(16)
5(16)->Ich->25(17)
25(17)->Gegner->1(18)
39(13)->Gegner->13(14)
13(14)->Ich->26(15)
26(15)->Gegner->1(16)
26(9)->Gegner->13(10)
13(10)->Ich->39(11)
39(11)->Gegner->3(12)
3(12)->Ich->21(13)
3(12)->Ich->33(13)
21(13)->Gegner->7(14)
7(14)->Ich->35(15)
35(15)->Gegner->5(16)
5(16)->Ich->25(17)
25(17)->Gegner->1(18)
33(13)->Gegner->11(14)
11(14)->Ich->22(15)
22(15)->Gegner->1(16)
3(8)->Ich->21(9)
3(8)->Ich->33(9)
3(8)->Ich->39(9)
21(9)->Gegner->7(10)
7(10)->Ich->35(11)
35(11)->Gegner->5(12)
5(12)->Ich->25(13)
25(13)->Gegner->1(14)
33(9)->Gegner->11(10)
11(10)->Ich->22(11)
22(11)->Gegner->2(12)
2(12)->Ich->26(13)
26(13)->Gegner->13(14)
13(14)->Ich->39(15)
39(15)->Gegner->1(16)
39(9)->Gegner->13(10)
13(10)->Ich->26(11)
26(11)->Gegner->2(12)
2(12)->Ich->22(13)
22(13)->Gegner->11(14)
11(14)->Ich->33(15)
33(15)->Gegner->1(16)
9(8)->Ich->27(9)
27(9)->Gegner->3(10)
3(10)->Ich->21(11)
3(10)->Ich->33(11)
3(10)->Ich->39(11)
21(11)->Gegner->7(12)
7(12)->Ich->35(13)
35(13)->Gegner->5(14)
5(14)->Ich->25(15)
25(15)->Gegner->1(16)
33(11)->Gegner->11(12)
11(12)->Ich->22(13)
22(13)->Gegner->2(14)
2(14)->Ich->26(15)
26(15)->Gegner->13(16)
13(16)->Ich->39(17)
39(17)->Gegner->1(18)
39(11)->Gegner->13(12)
13(12)->Ich->26(13)
26(13)->Gegner->2(14)
2(14)->Ich->22(15)
22(15)->Gegner->11(16)
11(16)->Ich->33(17)
33(17)->Gegner->1(18)
30(6)->Ich->15(7)
15(7)->Gegner->3(8)
15(7)->Gegner->5(8)
3(8)->Ich->21(9)
3(8)->Ich->33(9)
3(8)->Ich->39(9)
21(9)->Gegner->7(10)
7(10)->Ich->35(11)
35(11)->Gegner->5(12)
5(12)->Ich->25(13)
25(13)->Gegner->1(14)
33(9)->Gegner->11(10)
11(10)->Ich->22(11)
22(11)->Gegner->2(12)
2(12)->Ich->26(13)
26(13)->Gegner->13(14)
13(14)->Ich->39(15)
39(15)->Gegner->1(16)
39(9)->Gegner->13(10)
13(10)->Ich->26(11)
26(11)->Gegner->2(12)
2(12)->Ich->22(13)
22(13)->Gegner->11(14)
11(14)->Ich->33(15)
33(15)->Gegner->1(16)
5(8)->Ich->25(9)
5(8)->Ich->35(9)
25(9)->Gegner->1(10)
35(9)->Gegner->7(10)
7(10)->Ich->21(11)
21(11)->Gegner->3(12)
3(12)->Ich->33(13)
3(12)->Ich->39(13)
33(13)->Gegner->11(14)
11(14)->Ich->22(15)
22(15)->Gegner->2(16)
2(16)->Ich->26(17)
26(17)->Gegner->13(18)
13(18)->Ich->39(19)
39(19)->Gegner->1(20)
39(13)->Gegner->13(14)
13(14)->Ich->26(15)
26(15)->Gegner->2(16)
2(16)->Ich->22(17)
22(17)->Gegner->11(18)
11(18)->Ich->33(19)
33(19)->Gegner->1(20)
36(6)->Ich->18(7)
18(7)->Gegner->2(8)
18(7)->Gegner->3(8)
18(7)->Gegner->9(8)
2(8)->Ich->22(9)
2(8)->Ich->26(9)
22(9)->Gegner->11(10)
11(10)->Ich->33(11)
33(11)->Gegner->3(12)
3(12)->Ich->21(13)
3(12)->Ich->39(13)
21(13)->Gegner->7(14)
7(14)->Ich->35(15)
35(15)->Gegner->5(16)
5(16)->Ich->25(17)
25(17)->Gegner->1(18)
39(13)->Gegner->13(14)
13(14)->Ich->26(15)
26(15)->Gegner->1(16)
26(9)->Gegner->13(10)
13(10)->Ich->39(11)
39(11)->Gegner->3(12)
3(12)->Ich->21(13)
3(12)->Ich->33(13)
21(13)->Gegner->7(14)
7(14)->Ich->35(15)
35(15)->Gegner->5(16)
5(16)->Ich->25(17)
25(17)->Gegner->1(18)
33(13)->Gegner->11(14)
11(14)->Ich->22(15)
22(15)->Gegner->1(16)
3(8)->Ich->21(9)
3(8)->Ich->33(9)
3(8)->Ich->39(9)
21(9)->Gegner->7(10)
7(10)->Ich->35(11)
35(11)->Gegner->5(12)
5(12)->Ich->25(13)
25(13)->Gegner->1(14)
33(9)->Gegner->11(10)
11(10)->Ich->22(11)
22(11)->Gegner->2(12)
2(12)->Ich->26(13)
26(13)->Gegner->13(14)
13(14)->Ich->39(15)
39(15)->Gegner->1(16)
39(9)->Gegner->13(10)
13(10)->Ich->26(11)
26(11)->Gegner->2(12)
2(12)->Ich->22(13)
22(13)->Gegner->11(14)
11(14)->Ich->33(15)
33(15)->Gegner->1(16)
9(8)->Ich->27(9)
27(9)->Gegner->3(10)
3(10)->Ich->21(11)
3(10)->Ich->33(11)
3(10)->Ich->39(11)
21(11)->Gegner->7(12)
7(12)->Ich->35(13)
35(13)->Gegner->5(14)
5(14)->Ich->25(15)
25(15)->Gegner->1(16)
33(11)->Gegner->11(12)
11(12)->Ich->22(13)
22(13)->Gegner->2(14)
2(14)->Ich->26(15)
26(15)->Gegner->13(16)
13(16)->Ich->39(17)
39(17)->Gegner->1(18)
39(11)->Gegner->13(12)
13(12)->Ich->26(13)
26(13)->Gegner->2(14)
2(14)->Ich->22(15)
22(15)->Gegner->11(16)
11(16)->Ich->33(17)
33(17)->Gegner->1(18)
36(5)->Gegner->2(6)
36(5)->Gegner->3(6)
36(5)->Gegner->6(6)
36(5)->Gegner->9(6)
36(5)->Gegner->18(6)
2(6)->Ich->22(7)
2(6)->Ich->26(7)
22(7)->Gegner->11(8)
11(8)->Ich->33(9)
33(9)->Gegner->3(10)
3(10)->Ich->21(11)
3(10)->Ich->39(11)
21(11)->Gegner->7(12)
7(12)->Ich->35(13)
35(13)->Gegner->5(14)
5(14)->Ich->25(15)
25(15)->Gegner->1(16)
39(11)->Gegner->13(12)
13(12)->Ich->26(13)
26(13)->Gegner->1(14)
26(7)->Gegner->13(8)
13(8)->Ich->39(9)
39(9)->Gegner->3(10)
3(10)->Ich->21(11)
3(10)->Ich->33(11)
21(11)->Gegner->7(12)
7(12)->Ich->35(13)
35(13)->Gegner->5(14)
5(14)->Ich->25(15)
25(15)->Gegner->1(16)
33(11)->Gegner->11(12)
11(12)->Ich->22(13)
22(13)->Gegner->1(14)
3(6)->Ich->21(7)
3(6)->Ich->33(7)
3(6)->Ich->39(7)
21(7)->Gegner->7(8)
7(8)->Ich->35(9)
35(9)->Gegner->5(10)
5(10)->Ich->25(11)
25(11)->Gegner->1(12)
33(7)->Gegner->11(8)
11(8)->Ich->22(9)
22(9)->Gegner->2(10)
2(10)->Ich->26(11)
26(11)->Gegner->13(12)
13(12)->Ich->39(13)
39(13)->Gegner->1(14)
39(7)->Gegner->13(8)
13(8)->Ich->26(9)
26(9)->Gegner->2(10)
2(10)->Ich->22(11)
22(11)->Gegner->11(12)
11(12)->Ich->33(13)
33(13)->Gegner->1(14)
6(6)->Ich->18(7)
18(7)->Gegner->2(8)
18(7)->Gegner->3(8)
18(7)->Gegner->9(8)
2(8)->Ich->22(9)
2(8)->Ich->26(9)
22(9)->Gegner->11(10)
11(10)->Ich->33(11)
33(11)->Gegner->3(12)
3(12)->Ich->21(13)
3(12)->Ich->39(13)
21(13)->Gegner->7(14)
7(14)->Ich->35(15)
35(15)->Gegner->5(16)
5(16)->Ich->25(17)
25(17)->Gegner->1(18)
39(13)->Gegner->13(14)
13(14)->Ich->26(15)
26(15)->Gegner->1(16)
26(9)->Gegner->13(10)
13(10)->Ich->39(11)
39(11)->Gegner->3(12)
3(12)->Ich->21(13)
3(12)->Ich->33(13)
21(13)->Gegner->7(14)
7(14)->Ich->35(15)
35(15)->Gegner->5(16)
5(16)->Ich->25(17)
25(17)->Gegner->1(18)
33(13)->Gegner->11(14)
11(14)->Ich->22(15)
22(15)->Gegner->1(16)
3(8)->Ich->21(9)
3(8)->Ich->33(9)
3(8)->Ich->39(9)
21(9)->Gegner->7(10)
7(10)->Ich->35(11)
35(11)->Gegner->5(12)
5(12)->Ich->25(13)
25(13)->Gegner->1(14)
33(9)->Gegner->11(10)
11(10)->Ich->22(11)
22(11)->Gegner->2(12)
2(12)->Ich->26(13)
26(13)->Gegner->13(14)
13(14)->Ich->39(15)
39(15)->Gegner->1(16)
39(9)->Gegner->13(10)
13(10)->Ich->26(11)
26(11)->Gegner->2(12)
2(12)->Ich->22(13)
22(13)->Gegner->11(14)
11(14)->Ich->33(15)
33(15)->Gegner->1(16)
9(8)->Ich->27(9)
27(9)->Gegner->3(10)
3(10)->Ich->21(11)
3(10)->Ich->33(11)
3(10)->Ich->39(11)
21(11)->Gegner->7(12)
7(12)->Ich->35(13)
35(13)->Gegner->5(14)
5(14)->Ich->25(15)
25(15)->Gegner->1(16)
33(11)->Gegner->11(12)
11(12)->Ich->22(13)
22(13)->Gegner->2(14)
2(14)->Ich->26(15)
26(15)->Gegner->13(16)
13(16)->Ich->39(17)
39(17)->Gegner->1(18)
39(11)->Gegner->13(12)
13(12)->Ich->26(13)
26(13)->Gegner->2(14)
2(14)->Ich->22(15)
22(15)->Gegner->11(16)
11(16)->Ich->33(17)
33(17)->Gegner->1(18)
9(6)->Ich->27(7)
27(7)->Gegner->3(8)
3(8)->Ich->21(9)
3(8)->Ich->33(9)
3(8)->Ich->39(9)
21(9)->Gegner->7(10)
7(10)->Ich->35(11)
35(11)->Gegner->5(12)
5(12)->Ich->25(13)
25(13)->Gegner->1(14)
33(9)->Gegner->11(10)
11(10)->Ich->22(11)
22(11)->Gegner->2(12)
2(12)->Ich->26(13)
26(13)->Gegner->13(14)
13(14)->Ich->39(15)
39(15)->Gegner->1(16)
39(9)->Gegner->13(10)
13(10)->Ich->26(11)
26(11)->Gegner->2(12)
2(12)->Ich->22(13)
22(13)->Gegner->11(14)
11(14)->Ich->33(15)
33(15)->Gegner->1(16)
18(6)->Ich->6(7)
6(7)->Gegner->2(8)
6(7)->Gegner->3(8)
6(7)->Gegner->30(8)
2(8)->Ich->22(9)
2(8)->Ich->26(9)
22(9)->Gegner->11(10)
11(10)->Ich->33(11)
33(11)->Gegner->3(12)
3(12)->Ich->21(13)
3(12)->Ich->39(13)
21(13)->Gegner->7(14)
7(14)->Ich->35(15)
35(15)->Gegner->5(16)
5(16)->Ich->25(17)
25(17)->Gegner->1(18)
39(13)->Gegner->13(14)
13(14)->Ich->26(15)
26(15)->Gegner->1(16)
26(9)->Gegner->13(10)
13(10)->Ich->39(11)
39(11)->Gegner->3(12)
3(12)->Ich->21(13)
3(12)->Ich->33(13)
21(13)->Gegner->7(14)
7(14)->Ich->35(15)
35(15)->Gegner->5(16)
5(16)->Ich->25(17)
25(17)->Gegner->1(18)
33(13)->Gegner->11(14)
11(14)->Ich->22(15)
22(15)->Gegner->1(16)
3(8)->Ich->21(9)
3(8)->Ich->33(9)
3(8)->Ich->39(9)
21(9)->Gegner->7(10)
7(10)->Ich->35(11)
35(11)->Gegner->5(12)
5(12)->Ich->25(13)
25(13)->Gegner->1(14)
33(9)->Gegner->11(10)
11(10)->Ich->22(11)
22(11)->Gegner->2(12)
2(12)->Ich->26(13)
26(13)->Gegner->13(14)
13(14)->Ich->39(15)
39(15)->Gegner->1(16)
39(9)->Gegner->13(10)
13(10)->Ich->26(11)
26(11)->Gegner->2(12)
2(12)->Ich->22(13)
22(13)->Gegner->11(14)
11(14)->Ich->33(15)
33(15)->Gegner->1(16)
30(8)->Ich->15(9)
15(9)->Gegner->3(10)
15(9)->Gegner->5(10)
3(10)->Ich->21(11)
3(10)->Ich->33(11)
3(10)->Ich->39(11)
21(11)->Gegner->7(12)
7(12)->Ich->35(13)
35(13)->Gegner->5(14)
5(14)->Ich->25(15)
25(15)->Gegner->1(16)
33(11)->Gegner->11(12)
11(12)->Ich->22(13)
22(13)->Gegner->2(14)
2(14)->Ich->26(15)
26(15)->Gegner->13(16)
13(16)->Ich->39(17)
39(17)->Gegner->1(18)
39(11)->Gegner->13(12)
13(12)->Ich->26(13)
26(13)->Gegner->2(14)
2(14)->Ich->22(15)
22(15)->Gegner->11(16)
11(16)->Ich->33(17)
33(17)->Gegner->1(18)
5(10)->Ich->25(11)
5(10)->Ich->35(11)
25(11)->Gegner->1(12)
35(11)->Gegner->7(12)
7(12)->Ich->21(13)
21(13)->Gegner->3(14)
3(14)->Ich->33(15)
3(14)->Ich->39(15)
33(15)->Gegner->11(16)
11(16)->Ich->22(17)
22(17)->Gegner->2(18)
2(18)->Ich->26(19)
26(19)->Gegner->13(20)
13(20)->Ich->39(21)
39(21)->Gegner->1(22)
39(15)->Gegner->13(16)
13(16)->Ich->26(17)
26(17)->Gegner->2(18)
2(18)->Ich->22(19)
22(19)->Gegner->11(20)
11(20)->Ich->33(21)
33(21)->Gegner->1(22)
12(2)->Ich->6(3)
12(2)->Ich->36(3)
6(3)->Gegner->2(4)
6(3)->Gegner->3(4)
6(3)->Gegner->18(4)
6(3)->Gegner->24(4)
6(3)->Gegner->30(4)
6(3)->Gegner->36(4)
2(4)->Ich->22(5)
2(4)->Ich->26(5)
22(5)->Gegner->11(6)
11(6)->Ich->33(7)
33(7)->Gegner->3(8)
3(8)->Ich->21(9)
3(8)->Ich->39(9)
21(9)->Gegner->7(10)
7(10)->Ich->35(11)
35(11)->Gegner->5(12)
5(12)->Ich->25(13)
25(13)->Gegner->1(14)
39(9)->Gegner->13(10)
13(10)->Ich->26(11)
26(11)->Gegner->1(12)
26(5)->Gegner->13(6)
13(6)->Ich->39(7)
39(7)->Gegner->3(8)
3(8)->Ich->21(9)
3(8)->Ich->33(9)
21(9)->Gegner->7(10)
7(10)->Ich->35(11)
35(11)->Gegner->5(12)
5(12)->Ich->25(13)
25(13)->Gegner->1(14)
33(9)->Gegner->11(10)
11(10)->Ich->22(11)
22(11)->Gegner->1(12)
3(4)->Ich->21(5)
3(4)->Ich->33(5)
3(4)->Ich->39(5)
21(5)->Gegner->7(6)
7(6)->Ich->35(7)
35(7)->Gegner->5(8)
5(8)->Ich->25(9)
25(9)->Gegner->1(10)
33(5)->Gegner->11(6)
11(6)->Ich->22(7)
22(7)->Gegner->2(8)
2(8)->Ich->26(9)
26(9)->Gegner->13(10)
13(10)->Ich->39(11)
39(11)->Gegner->1(12)
39(5)->Gegner->13(6)
13(6)->Ich->26(7)
26(7)->Gegner->2(8)
2(8)->Ich->22(9)
22(9)->Gegner->11(10)
11(10)->Ich->33(11)
33(11)->Gegner->1(12)
18(4)->Ich->36(5)
36(5)->Gegner->2(6)
36(5)->Gegner->3(6)
36(5)->Gegner->9(6)
2(6)->Ich->22(7)
2(6)->Ich->26(7)
22(7)->Gegner->11(8)
11(8)->Ich->33(9)
33(9)->Gegner->3(10)
3(10)->Ich->21(11)
3(10)->Ich->39(11)
21(11)->Gegner->7(12)
7(12)->Ich->35(13)
35(13)->Gegner->5(14)
5(14)->Ich->25(15)
25(15)->Gegner->1(16)
39(11)->Gegner->13(12)
13(12)->Ich->26(13)
26(13)->Gegner->1(14)
26(7)->Gegner->13(8)
13(8)->Ich->39(9)
39(9)->Gegner->3(10)
3(10)->Ich->21(11)
3(10)->Ich->33(11)
21(11)->Gegner->7(12)
7(12)->Ich->35(13)
35(13)->Gegner->5(14)
5(14)->Ich->25(15)
25(15)->Gegner->1(16)
33(11)->Gegner->11(12)
11(12)->Ich->22(13)
22(13)->Gegner->1(14)
3(6)->Ich->21(7)
3(6)->Ich->33(7)
3(6)->Ich->39(7)
21(7)->Gegner->7(8)
7(8)->Ich->35(9)
35(9)->Gegner->5(10)
5(10)->Ich->25(11)
25(11)->Gegner->1(12)
33(7)->Gegner->11(8)
11(8)->Ich->22(9)
22(9)->Gegner->2(10)
2(10)->Ich->26(11)
26(11)->Gegner->13(12)
13(12)->Ich->39(13)
39(13)->Gegner->1(14)
39(7)->Gegner->13(8)
13(8)->Ich->26(9)
26(9)->Gegner->2(10)
2(10)->Ich->22(11)
22(11)->Gegner->11(12)
11(12)->Ich->33(13)
33(13)->Gegner->1(14)
9(6)->Ich->27(7)
27(7)->Gegner->3(8)
3(8)->Ich->21(9)
3(8)->Ich->33(9)
3(8)->Ich->39(9)
21(9)->Gegner->7(10)
7(10)->Ich->35(11)
35(11)->Gegner->5(12)
5(12)->Ich->25(13)
25(13)->Gegner->1(14)
33(9)->Gegner->11(10)
11(10)->Ich->22(11)
22(11)->Gegner->2(12)
2(12)->Ich->26(13)
26(13)->Gegner->13(14)
13(14)->Ich->39(15)
39(15)->Gegner->1(16)
39(9)->Gegner->13(10)
13(10)->Ich->26(11)
26(11)->Gegner->2(12)
2(12)->Ich->22(13)
22(13)->Gegner->11(14)
11(14)->Ich->33(15)
33(15)->Gegner->1(16)
24(4)->Ich->8(5)
8(5)->Gegner->2(6)
8(5)->Gegner->16(6)
8(5)->Gegner->32(6)
2(6)->Ich->22(7)
2(6)->Ich->26(7)
22(7)->Gegner->11(8)
11(8)->Ich->33(9)
33(9)->Gegner->3(10)
3(10)->Ich->21(11)
3(10)->Ich->39(11)
21(11)->Gegner->7(12)
7(12)->Ich->35(13)
35(13)->Gegner->5(14)
5(14)->Ich->25(15)
25(15)->Gegner->1(16)
39(11)->Gegner->13(12)
13(12)->Ich->26(13)
26(13)->Gegner->1(14)
26(7)->Gegner->13(8)
13(8)->Ich->39(9)
39(9)->Gegner->3(10)
3(10)->Ich->21(11)
3(10)->Ich->33(11)
21(11)->Gegner->7(12)
7(12)->Ich->35(13)
35(13)->Gegner->5(14)
5(14)->Ich->25(15)
25(15)->Gegner->1(16)
33(11)->Gegner->11(12)
11(12)->Ich->22(13)
22(13)->Gegner->1(14)
16(6)->Ich->32(7)
32(7)->Gegner->2(8)
2(8)->Ich->22(9)
2(8)->Ich->26(9)
22(9)->Gegner->11(10)
11(10)->Ich->33(11)
33(11)->Gegner->3(12)
3(12)->Ich->21(13)
3(12)->Ich->39(13)
21(13)->Gegner->7(14)
7(14)->Ich->35(15)
35(15)->Gegner->5(16)
5(16)->Ich->25(17)
25(17)->Gegner->1(18)
39(13)->Gegner->13(14)
13(14)->Ich->26(15)
26(15)->Gegner->1(16)
26(9)->Gegner->13(10)
13(10)->Ich->39(11)
39(11)->Gegner->3(12)
3(12)->Ich->21(13)
3(12)->Ich->33(13)
21(13)->Gegner->7(14)
7(14)->Ich->35(15)
35(15)->Gegner->5(16)
5(16)->Ich->25(17)
25(17)->Gegner->1(18)
33(13)->Gegner->11(14)
11(14)->Ich->22(15)
22(15)->Gegner->1(16)
32(6)->Ich->16(7)
16(7)->Gegner->2(8)
2(8)->Ich->22(9)
2(8)->Ich->26(9)
22(9)->Gegner->11(10)
11(10)->Ich->33(11)
33(11)->Gegner->3(12)
3(12)->Ich->21(13)
3(12)->Ich->39(13)
21(13)->Gegner->7(14)
7(14)->Ich->35(15)
35(15)->Gegner->5(16)
5(16)->Ich->25(17)
25(17)->Gegner->1(18)
39(13)->Gegner->13(14)
13(14)->Ich->26(15)
26(15)->Gegner->1(16)
26(9)->Gegner->13(10)
13(10)->Ich->39(11)
39(11)->Gegner->3(12)
3(12)->Ich->21(13)
3(12)->Ich->33(13)
21(13)->Gegner->7(14)
7(14)->Ich->35(15)
35(15)->Gegner->5(16)
5(16)->Ich->25(17)
25(17)->Gegner->1(18)
33(13)->Gegner->11(14)
11(14)->Ich->22(15)
22(15)->Gegner->1(16)
30(4)->Ich->15(5)
15(5)->Gegner->3(6)
15(5)->Gegner->5(6)
3(6)->Ich->21(7)
3(6)->Ich->33(7)
3(6)->Ich->39(7)
21(7)->Gegner->7(8)
7(8)->Ich->35(9)
35(9)->Gegner->5(10)
5(10)->Ich->25(11)
25(11)->Gegner->1(12)
33(7)->Gegner->11(8)
11(8)->Ich->22(9)
22(9)->Gegner->2(10)
2(10)->Ich->26(11)
26(11)->Gegner->13(12)
13(12)->Ich->39(13)
39(13)->Gegner->1(14)
39(7)->Gegner->13(8)
13(8)->Ich->26(9)
26(9)->Gegner->2(10)
2(10)->Ich->22(11)
22(11)->Gegner->11(12)
11(12)->Ich->33(13)
33(13)->Gegner->1(14)
5(6)->Ich->25(7)
5(6)->Ich->35(7)
25(7)->Gegner->1(8)
35(7)->Gegner->7(8)
7(8)->Ich->21(9)
21(9)->Gegner->3(10)
3(10)->Ich->33(11)
3(10)->Ich->39(11)
33(11)->Gegner->11(12)
11(12)->Ich->22(13)
22(13)->Gegner->2(14)
2(14)->Ich->26(15)
26(15)->Gegner->13(16)
13(16)->Ich->39(17)
39(17)->Gegner->1(18)
39(11)->Gegner->13(12)
13(12)->Ich->26(13)
26(13)->Gegner->2(14)
2(14)->Ich->22(15)
22(15)->Gegner->11(16)
11(16)->Ich->33(17)
33(17)->Gegner->1(18)
36(4)->Ich->18(5)
18(5)->Gegner->2(6)
18(5)->Gegner->3(6)
18(5)->Gegner->9(6)
2(6)->Ich->22(7)
2(6)->Ich->26(7)
22(7)->Gegner->11(8)
11(8)->Ich->33(9)
33(9)->Gegner->3(10)
3(10)->Ich->21(11)
3(10)->Ich->39(11)
21(11)->Gegner->7(12)
7(12)->Ich->35(13)
35(13)->Gegner->5(14)
5(14)->Ich->25(15)
25(15)->Gegner->1(16)
39(11)->Gegner->13(12)
13(12)->Ich->26(13)
26(13)->Gegner->1(14)
26(7)->Gegner->13(8)
13(8)->Ich->39(9)
39(9)->Gegner->3(10)
3(10)->Ich->21(11)
3(10)->Ich->33(11)
21(11)->Gegner->7(12)
7(12)->Ich->35(13)
35(13)->Gegner->5(14)
5(14)->Ich->25(15)
25(15)->Gegner->1(16)
33(11)->Gegner->11(12)
11(12)->Ich->22(13)
22(13)->Gegner->1(14)
3(6)->Ich->21(7)
3(6)->Ich->33(7)
3(6)->Ich->39(7)
21(7)->Gegner->7(8)
7(8)->Ich->35(9)
35(9)->Gegner->5(10)
5(10)->Ich->25(11)
25(11)->Gegner->1(12)
33(7)->Gegner->11(8)
11(8)->Ich->22(9)
22(9)->Gegner->2(10)
2(10)->Ich->26(11)
26(11)->Gegner->13(12)
13(12)->Ich->39(13)
39(13)->Gegner->1(14)
39(7)->Gegner->13(8)
13(8)->Ich->26(9)
26(9)->Gegner->2(10)
2(10)->Ich->22(11)
22(11)->Gegner->11(12)
11(12)->Ich->33(13)
33(13)->Gegner->1(14)
9(6)->Ich->27(7)
27(7)->Gegner->3(8)
3(8)->Ich->21(9)
3(8)->Ich->33(9)
3(8)->Ich->39(9)
21(9)->Gegner->7(10)
7(10)->Ich->35(11)
35(11)->Gegner->5(12)
5(12)->Ich->25(13)
25(13)->Gegner->1(14)
33(9)->Gegner->11(10)
11(10)->Ich->22(11)
22(11)->Gegner->2(12)
2(12)->Ich->26(13)
26(13)->Gegner->13(14)
13(14)->Ich->39(15)
39(15)->Gegner->1(16)
39(9)->Gegner->13(10)
13(10)->Ich->26(11)
26(11)->Gegner->2(12)
2(12)->Ich->22(13)
22(13)->Gegner->11(14)
11(14)->Ich->33(15)
33(15)->Gegner->1(16)
36(3)->Gegner->2(4)
36(3)->Gegner->3(4)
36(3)->Gegner->6(4)
36(3)->Gegner->9(4)
36(3)->Gegner->18(4)
2(4)->Ich->22(5)
2(4)->Ich->26(5)
22(5)->Gegner->11(6)
11(6)->Ich->33(7)
33(7)->Gegner->3(8)
3(8)->Ich->21(9)
3(8)->Ich->39(9)
21(9)->Gegner->7(10)
7(10)->Ich->35(11)
35(11)->Gegner->5(12)
5(12)->Ich->25(13)
25(13)->Gegner->1(14)
39(9)->Gegner->13(10)
13(10)->Ich->26(11)
26(11)->Gegner->1(12)
26(5)->Gegner->13(6)
13(6)->Ich->39(7)
39(7)->Gegner->3(8)
3(8)->Ich->21(9)
3(8)->Ich->33(9)
21(9)->Gegner->7(10)
7(10)->Ich->35(11)
35(11)->Gegner->5(12)
5(12)->Ich->25(13)
25(13)->Gegner->1(14)
33(9)->Gegner->11(10)
11(10)->Ich->22(11)
22(11)->Gegner->1(12)
3(4)->Ich->21(5)
3(4)->Ich->33(5)
3(4)->Ich->39(5)
21(5)->Gegner->7(6)
7(6)->Ich->35(7)
35(7)->Gegner->5(8)
5(8)->Ich->25(9)
25(9)->Gegner->1(10)
33(5)->Gegner->11(6)
11(6)->Ich->22(7)
22(7)->Gegner->2(8)
2(8)->Ich->26(9)
26(9)->Gegner->13(10)
13(10)->Ich->39(11)
39(11)->Gegner->1(12)
39(5)->Gegner->13(6)
13(6)->Ich->26(7)
26(7)->Gegner->2(8)
2(8)->Ich->22(9)
22(9)->Gegner->11(10)
11(10)->Ich->33(11)
33(11)->Gegner->1(12)
6(4)->Ich->18(5)
18(5)->Gegner->2(6)
18(5)->Gegner->3(6)
18(5)->Gegner->9(6)
2(6)->Ich->22(7)
2(6)->Ich->26(7)
22(7)->Gegner->11(8)
11(8)->Ich->33(9)
33(9)->Gegner->3(10)
3(10)->Ich->21(11)
3(10)->Ich->39(11)
21(11)->Gegner->7(12)
7(12)->Ich->35(13)
35(13)->Gegner->5(14)
5(14)->Ich->25(15)
25(15)->Gegner->1(16)
39(11)->Gegner->13(12)
13(12)->Ich->26(13)
26(13)->Gegner->1(14)
26(7)->Gegner->13(8)
13(8)->Ich->39(9)
39(9)->Gegner->3(10)
3(10)->Ich->21(11)
3(10)->Ich->33(11)
21(11)->Gegner->7(12)
7(12)->Ich->35(13)
35(13)->Gegner->5(14)
5(14)->Ich->25(15)
25(15)->Gegner->1(16)
33(11)->Gegner->11(12)
11(12)->Ich->22(13)
22(13)->Gegner->1(14)
3(6)->Ich->21(7)
3(6)->Ich->33(7)
3(6)->Ich->39(7)
21(7)->Gegner->7(8)
7(8)->Ich->35(9)
35(9)->Gegner->5(10)
5(10)->Ich->25(11)
25(11)->Gegner->1(12)
33(7)->Gegner->11(8)
11(8)->Ich->22(9)
22(9)->Gegner->2(10)
2(10)->Ich->26(11)
26(11)->Gegner->13(12)
13(12)->Ich->39(13)
39(13)->Gegner->1(14)
39(7)->Gegner->13(8)
13(8)->Ich->26(9)
26(9)->Gegner->2(10)
2(10)->Ich->22(11)
22(11)->Gegner->11(12)
11(12)->Ich->33(13)
33(13)->Gegner->1(14)
9(6)->Ich->27(7)
27(7)->Gegner->3(8)
3(8)->Ich->21(9)
3(8)->Ich->33(9)
3(8)->Ich->39(9)
21(9)->Gegner->7(10)
7(10)->Ich->35(11)
35(11)->Gegner->5(12)
5(12)->Ich->25(13)
25(13)->Gegner->1(14)
33(9)->Gegner->11(10)
11(10)->Ich->22(11)
22(11)->Gegner->2(12)
2(12)->Ich->26(13)
26(13)->Gegner->13(14)
13(14)->Ich->39(15)
39(15)->Gegner->1(16)
39(9)->Gegner->13(10)
13(10)->Ich->26(11)
26(11)->Gegner->2(12)
2(12)->Ich->22(13)
22(13)->Gegner->11(14)
11(14)->Ich->33(15)
33(15)->Gegner->1(16)
9(4)->Ich->27(5)
27(5)->Gegner->3(6)
3(6)->Ich->21(7)
3(6)->Ich->33(7)
3(6)->Ich->39(7)
21(7)->Gegner->7(8)
7(8)->Ich->35(9)
35(9)->Gegner->5(10)
5(10)->Ich->25(11)
25(11)->Gegner->1(12)
33(7)->Gegner->11(8)
11(8)->Ich->22(9)
22(9)->Gegner->2(10)
2(10)->Ich->26(11)
26(11)->Gegner->13(12)
13(12)->Ich->39(13)
39(13)->Gegner->1(14)
39(7)->Gegner->13(8)
13(8)->Ich->26(9)
26(9)->Gegner->2(10)
2(10)->Ich->22(11)
22(11)->Gegner->11(12)
11(12)->Ich->33(13)
33(13)->Gegner->1(14)
18(4)->Ich->6(5)
6(5)->Gegner->2(6)
6(5)->Gegner->3(6)
6(5)->Gegner->24(6)
6(5)->Gegner->30(6)
2(6)->Ich->22(7)
2(6)->Ich->26(7)
22(7)->Gegner->11(8)
11(8)->Ich->33(9)
33(9)->Gegner->3(10)
3(10)->Ich->21(11)
3(10)->Ich->39(11)
21(11)->Gegner->7(12)
7(12)->Ich->35(13)
35(13)->Gegner->5(14)
5(14)->Ich->25(15)
25(15)->Gegner->1(16)
39(11)->Gegner->13(12)
13(12)->Ich->26(13)
26(13)->Gegner->1(14)
26(7)->Gegner->13(8)
13(8)->Ich->39(9)
39(9)->Gegner->3(10)
3(10)->Ich->21(11)
3(10)->Ich->33(11)
21(11)->Gegner->7(12)
7(12)->Ich->35(13)
35(13)->Gegner->5(14)
5(14)->Ich->25(15)
25(15)->Gegner->1(16)
33(11)->Gegner->11(12)
11(12)->Ich->22(13)
22(13)->Gegner->1(14)
3(6)->Ich->21(7)
3(6)->Ich->33(7)
3(6)->Ich->39(7)
21(7)->Gegner->7(8)
7(8)->Ich->35(9)
35(9)->Gegner->5(10)
5(10)->Ich->25(11)
25(11)->Gegner->1(12)
33(7)->Gegner->11(8)
11(8)->Ich->22(9)
22(9)->Gegner->2(10)
2(10)->Ich->26(11)
26(11)->Gegner->13(12)
13(12)->Ich->39(13)
39(13)->Gegner->1(14)
39(7)->Gegner->13(8)
13(8)->Ich->26(9)
26(9)->Gegner->2(10)
2(10)->Ich->22(11)
22(11)->Gegner->11(12)
11(12)->Ich->33(13)
33(13)->Gegner->1(14)
24(6)->Ich->8(7)
8(7)->Gegner->2(8)
8(7)->Gegner->16(8)
8(7)->Gegner->32(8)
2(8)->Ich->22(9)
2(8)->Ich->26(9)
22(9)->Gegner->11(10)
11(10)->Ich->33(11)
33(11)->Gegner->3(12)
3(12)->Ich->21(13)
3(12)->Ich->39(13)
21(13)->Gegner->7(14)
7(14)->Ich->35(15)
35(15)->Gegner->5(16)
5(16)->Ich->25(17)
25(17)->Gegner->1(18)
39(13)->Gegner->13(14)
13(14)->Ich->26(15)
26(15)->Gegner->1(16)
26(9)->Gegner->13(10)
13(10)->Ich->39(11)
39(11)->Gegner->3(12)
3(12)->Ich->21(13)
3(12)->Ich->33(13)
21(13)->Gegner->7(14)
7(14)->Ich->35(15)
35(15)->Gegner->5(16)
5(16)->Ich->25(17)
25(17)->Gegner->1(18)
33(13)->Gegner->11(14)
11(14)->Ich->22(15)
22(15)->Gegner->1(16)
16(8)->Ich->32(9)
32(9)->Gegner->2(10)
2(10)->Ich->22(11)
2(10)->Ich->26(11)
22(11)->Gegner->11(12)
11(12)->Ich->33(13)
33(13)->Gegner->3(14)
3(14)->Ich->21(15)
3(14)->Ich->39(15)
21(15)->Gegner->7(16)
7(16)->Ich->35(17)
35(17)->Gegner->5(18)
5(18)->Ich->25(19)
25(19)->Gegner->1(20)
39(15)->Gegner->13(16)
13(16)->Ich->26(17)
26(17)->Gegner->1(18)
26(11)->Gegner->13(12)
13(12)->Ich->39(13)
39(13)->Gegner->3(14)
3(14)->Ich->21(15)
3(14)->Ich->33(15)
21(15)->Gegner->7(16)
7(16)->Ich->35(17)
35(17)->Gegner->5(18)
5(18)->Ich->25(19)
25(19)->Gegner->1(20)
33(15)->Gegner->11(16)
11(16)->Ich->22(17)
22(17)->Gegner->1(18)
32(8)->Ich->16(9)
16(9)->Gegner->2(10)
2(10)->Ich->22(11)
2(10)->Ich->26(11)
22(11)->Gegner->11(12)
11(12)->Ich->33(13)
33(13)->Gegner->3(14)
3(14)->Ich->21(15)
3(14)->Ich->39(15)
21(15)->Gegner->7(16)
7(16)->Ich->35(17)
35(17)->Gegner->5(18)
5(18)->Ich->25(19)
25(19)->Gegner->1(20)
39(15)->Gegner->13(16)
13(16)->Ich->26(17)
26(17)->Gegner->1(18)
26(11)->Gegner->13(12)
13(12)->Ich->39(13)
39(13)->Gegner->3(14)
3(14)->Ich->21(15)
3(14)->Ich->33(15)
21(15)->Gegner->7(16)
7(16)->Ich->35(17)
35(17)->Gegner->5(18)
5(18)->Ich->25(19)
25(19)->Gegner->1(20)
33(15)->Gegner->11(16)
11(16)->Ich->22(17)
22(17)->Gegner->1(18)
30(6)->Ich->15(7)
15(7)->Gegner->3(8)
15(7)->Gegner->5(8)
3(8)->Ich->21(9)
3(8)->Ich->33(9)
3(8)->Ich->39(9)
21(9)->Gegner->7(10)
7(10)->Ich->35(11)
35(11)->Gegner->5(12)
5(12)->Ich->25(13)
25(13)->Gegner->1(14)
33(9)->Gegner->11(10)
11(10)->Ich->22(11)
22(11)->Gegner->2(12)
2(12)->Ich->26(13)
26(13)->Gegner->13(14)
13(14)->Ich->39(15)
39(15)->Gegner->1(16)
39(9)->Gegner->13(10)
13(10)->Ich->26(11)
26(11)->Gegner->2(12)
2(12)->Ich->22(13)
22(13)->Gegner->11(14)
11(14)->Ich->33(15)
33(15)->Gegner->1(16)
5(8)->Ich->25(9)
5(8)->Ich->35(9)
25(9)->Gegner->1(10)
35(9)->Gegner->7(10)
7(10)->Ich->21(11)
21(11)->Gegner->3(12)
3(12)->Ich->33(13)
3(12)->Ich->39(13)
33(13)->Gegner->11(14)
11(14)->Ich->22(15)
22(15)->Gegner->2(16)
2(16)->Ich->26(17)
26(17)->Gegner->13(18)
13(18)->Ich->39(19)
39(19)->Gegner->1(20)
39(13)->Gegner->13(14)
13(14)->Ich->26(15)
26(15)->Gegner->2(16)
2(16)->Ich->22(17)
22(17)->Gegner->11(18)
11(18)->Ich->33(19)
33(19)->Gegner->1(20)
16(2)->Ich->32(3)
32(3)->Gegner->2(4)
32(3)->Gegner->8(4)
2(4)->Ich->22(5)
2(4)->Ich->26(5)
22(5)->Gegner->11(6)
11(6)->Ich->33(7)
33(7)->Gegner->3(8)
3(8)->Ich->21(9)
3(8)->Ich->39(9)
21(9)->Gegner->7(10)
7(10)->Ich->35(11)
35(11)->Gegner->5(12)
5(12)->Ich->25(13)
25(13)->Gegner->1(14)
39(9)->Gegner->13(10)
13(10)->Ich->26(11)
26(11)->Gegner->1(12)
26(5)->Gegner->13(6)
13(6)->Ich->39(7)
39(7)->Gegner->3(8)
3(8)->Ich->21(9)
3(8)->Ich->33(9)
21(9)->Gegner->7(10)
7(10)->Ich->35(11)
35(11)->Gegner->5(12)
5(12)->Ich->25(13)
25(13)->Gegner->1(14)
33(9)->Gegner->11(10)
11(10)->Ich->22(11)
22(11)->Gegner->1(12)
8(4)->Ich->24(5)
24(5)->Gegner->2(6)
24(5)->Gegner->3(6)
24(5)->Gegner->6(6)
24(5)->Gegner->12(6)
2(6)->Ich->22(7)
2(6)->Ich->26(7)
22(7)->Gegner->11(8)
11(8)->Ich->33(9)
33(9)->Gegner->3(10)
3(10)->Ich->21(11)
3(10)->Ich->39(11)
21(11)->Gegner->7(12)
7(12)->Ich->35(13)
35(13)->Gegner->5(14)
5(14)->Ich->25(15)
25(15)->Gegner->1(16)
39(11)->Gegner->13(12)
13(12)->Ich->26(13)
26(13)->Gegner->1(14)
26(7)->Gegner->13(8)
13(8)->Ich->39(9)
39(9)->Gegner->3(10)
3(10)->Ich->21(11)
3(10)->Ich->33(11)
21(11)->Gegner->7(12)
7(12)->Ich->35(13)
35(13)->Gegner->5(14)
5(14)->Ich->25(15)
25(15)->Gegner->1(16)
33(11)->Gegner->11(12)
11(12)->Ich->22(13)
22(13)->Gegner->1(14)
3(6)->Ich->21(7)
3(6)->Ich->33(7)
3(6)->Ich->39(7)
21(7)->Gegner->7(8)
7(8)->Ich->35(9)
35(9)->Gegner->5(10)
5(10)->Ich->25(11)
25(11)->Gegner->1(12)
33(7)->Gegner->11(8)
11(8)->Ich->22(9)
22(9)->Gegner->2(10)
2(10)->Ich->26(11)
26(11)->Gegner->13(12)
13(12)->Ich->39(13)
39(13)->Gegner->1(14)
39(7)->Gegner->13(8)
13(8)->Ich->26(9)
26(9)->Gegner->2(10)
2(10)->Ich->22(11)
22(11)->Gegner->11(12)
11(12)->Ich->33(13)
33(13)->Gegner->1(14)
6(6)->Ich->12(7)
6(6)->Ich->18(7)
12(7)->Gegner->2(8)
12(7)->Gegner->3(8)
12(7)->Gegner->36(8)
2(8)->Ich->22(9)
2(8)->Ich->26(9)
22(9)->Gegner->11(10)
11(10)->Ich->33(11)
33(11)->Gegner->3(12)
3(12)->Ich->21(13)
3(12)->Ich->39(13)
21(13)->Gegner->7(14)
7(14)->Ich->35(15)
35(15)->Gegner->5(16)
5(16)->Ich->25(17)
25(17)->Gegner->1(18)
39(13)->Gegner->13(14)
13(14)->Ich->26(15)
26(15)->Gegner->1(16)
26(9)->Gegner->13(10)
13(10)->Ich->39(11)
39(11)->Gegner->3(12)
3(12)->Ich->21(13)
3(12)->Ich->33(13)
21(13)->Gegner->7(14)
7(14)->Ich->35(15)
35(15)->Gegner->5(16)
5(16)->Ich->25(17)
25(17)->Gegner->1(18)
33(13)->Gegner->11(14)
11(14)->Ich->22(15)
22(15)->Gegner->1(16)
3(8)->Ich->21(9)
3(8)->Ich->33(9)
3(8)->Ich->39(9)
21(9)->Gegner->7(10)
7(10)->Ich->35(11)
35(11)->Gegner->5(12)
5(12)->Ich->25(13)
25(13)->Gegner->1(14)
33(9)->Gegner->11(10)
11(10)->Ich->22(11)
22(11)->Gegner->2(12)
2(12)->Ich->26(13)
26(13)->Gegner->13(14)
13(14)->Ich->39(15)
39(15)->Gegner->1(16)
39(9)->Gegner->13(10)
13(10)->Ich->26(11)
26(11)->Gegner->2(12)
2(12)->Ich->22(13)
22(13)->Gegner->11(14)
11(14)->Ich->33(15)
33(15)->Gegner->1(16)
36(8)->Ich->18(9)
18(9)->Gegner->2(10)
18(9)->Gegner->3(10)
18(9)->Gegner->9(10)
2(10)->Ich->22(11)
2(10)->Ich->26(11)
22(11)->Gegner->11(12)
11(12)->Ich->33(13)
33(13)->Gegner->3(14)
3(14)->Ich->21(15)
3(14)->Ich->39(15)
21(15)->Gegner->7(16)
7(16)->Ich->35(17)
35(17)->Gegner->5(18)
5(18)->Ich->25(19)
25(19)->Gegner->1(20)
39(15)->Gegner->13(16)
13(16)->Ich->26(17)
26(17)->Gegner->1(18)
26(11)->Gegner->13(12)
13(12)->Ich->39(13)
39(13)->Gegner->3(14)
3(14)->Ich->21(15)
3(14)->Ich->33(15)
21(15)->Gegner->7(16)
7(16)->Ich->35(17)
35(17)->Gegner->5(18)
5(18)->Ich->25(19)
25(19)->Gegner->1(20)
33(15)->Gegner->11(16)
11(16)->Ich->22(17)
22(17)->Gegner->1(18)
3(10)->Ich->21(11)
3(10)->Ich->33(11)
3(10)->Ich->39(11)
21(11)->Gegner->7(12)
7(12)->Ich->35(13)
35(13)->Gegner->5(14)
5(14)->Ich->25(15)
25(15)->Gegner->1(16)
33(11)->Gegner->11(12)
11(12)->Ich->22(13)
22(13)->Gegner->2(14)
2(14)->Ich->26(15)
26(15)->Gegner->13(16)
13(16)->Ich->39(17)
39(17)->Gegner->1(18)
39(11)->Gegner->13(12)
13(12)->Ich->26(13)
26(13)->Gegner->2(14)
2(14)->Ich->22(15)
22(15)->Gegner->11(16)
11(16)->Ich->33(17)
33(17)->Gegner->1(18)
9(10)->Ich->27(11)
27(11)->Gegner->3(12)
3(12)->Ich->21(13)
3(12)->Ich->33(13)
3(12)->Ich->39(13)
21(13)->Gegner->7(14)
7(14)->Ich->35(15)
35(15)->Gegner->5(16)
5(16)->Ich->25(17)
25(17)->Gegner->1(18)
33(13)->Gegner->11(14)
11(14)->Ich->22(15)
22(15)->Gegner->2(16)
2(16)->Ich->26(17)
26(17)->Gegner->13(18)
13(18)->Ich->39(19)
39(19)->Gegner->1(20)
39(13)->Gegner->13(14)
13(14)->Ich->26(15)
26(15)->Gegner->2(16)
2(16)->Ich->22(17)
22(17)->Gegner->11(18)
11(18)->Ich->33(19)
33(19)->Gegner->1(20)
18(7)->Gegner->2(8)
18(7)->Gegner->3(8)
18(7)->Gegner->9(8)
18(7)->Gegner->36(8)
2(8)->Ich->22(9)
2(8)->Ich->26(9)
22(9)->Gegner->11(10)
11(10)->Ich->33(11)
33(11)->Gegner->3(12)
3(12)->Ich->21(13)
3(12)->Ich->39(13)
21(13)->Gegner->7(14)
7(14)->Ich->35(15)
35(15)->Gegner->5(16)
5(16)->Ich->25(17)
25(17)->Gegner->1(18)
39(13)->Gegner->13(14)
13(14)->Ich->26(15)
26(15)->Gegner->1(16)
26(9)->Gegner->13(10)
13(10)->Ich->39(11)
39(11)->Gegner->3(12)
3(12)->Ich->21(13)
3(12)->Ich->33(13)
21(13)->Gegner->7(14)
7(14)->Ich->35(15)
35(15)->Gegner->5(16)
5(16)->Ich->25(17)
25(17)->Gegner->1(18)
33(13)->Gegner->11(14)
11(14)->Ich->22(15)
22(15)->Gegner->1(16)
3(8)->Ich->21(9)
3(8)->Ich->33(9)
3(8)->Ich->39(9)
21(9)->Gegner->7(10)
7(10)->Ich->35(11)
35(11)->Gegner->5(12)
5(12)->Ich->25(13)
25(13)->Gegner->1(14)
33(9)->Gegner->11(10)
11(10)->Ich->22(11)
22(11)->Gegner->2(12)
2(12)->Ich->26(13)
26(13)->Gegner->13(14)
13(14)->Ich->39(15)
39(15)->Gegner->1(16)
39(9)->Gegner->13(10)
13(10)->Ich->26(11)
26(11)->Gegner->2(12)
2(12)->Ich->22(13)
22(13)->Gegner->11(14)
11(14)->Ich->33(15)
33(15)->Gegner->1(16)
9(8)->Ich->27(9)
27(9)->Gegner->3(10)
3(10)->Ich->21(11)
3(10)->Ich->33(11)
3(10)->Ich->39(11)
21(11)->Gegner->7(12)
7(12)->Ich->35(13)
35(13)->Gegner->5(14)
5(14)->Ich->25(15)
25(15)->Gegner->1(16)
33(11)->Gegner->11(12)
11(12)->Ich->22(13)
22(13)->Gegner->2(14)
2(14)->Ich->26(15)
26(15)->Gegner->13(16)
13(16)->Ich->39(17)
39(17)->Gegner->1(18)
39(11)->Gegner->13(12)
13(12)->Ich->26(13)
26(13)->Gegner->2(14)
2(14)->Ich->22(15)
22(15)->Gegner->11(16)
11(16)->Ich->33(17)
33(17)->Gegner->1(18)
36(8)->Ich->12(9)
12(9)->Gegner->2(10)
12(9)->Gegner->3(10)
2(10)->Ich->22(11)
2(10)->Ich->26(11)
22(11)->Gegner->11(12)
11(12)->Ich->33(13)
33(13)->Gegner->3(14)
3(14)->Ich->21(15)
3(14)->Ich->39(15)
21(15)->Gegner->7(16)
7(16)->Ich->35(17)
35(17)->Gegner->5(18)
5(18)->Ich->25(19)
25(19)->Gegner->1(20)
39(15)->Gegner->13(16)
13(16)->Ich->26(17)
26(17)->Gegner->1(18)
26(11)->Gegner->13(12)
13(12)->Ich->39(13)
39(13)->Gegner->3(14)
3(14)->Ich->21(15)
3(14)->Ich->33(15)
21(15)->Gegner->7(16)
7(16)->Ich->35(17)
35(17)->Gegner->5(18)
5(18)->Ich->25(19)
25(19)->Gegner->1(20)
33(15)->Gegner->11(16)
11(16)->Ich->22(17)
22(17)->Gegner->1(18)
3(10)->Ich->21(11)
3(10)->Ich->33(11)
3(10)->Ich->39(11)
21(11)->Gegner->7(12)
7(12)->Ich->35(13)
35(13)->Gegner->5(14)
5(14)->Ich->25(15)
25(15)->Gegner->1(16)
33(11)->Gegner->11(12)
11(12)->Ich->22(13)
22(13)->Gegner->2(14)
2(14)->Ich->26(15)
26(15)->Gegner->13(16)
13(16)->Ich->39(17)
39(17)->Gegner->1(18)
39(11)->Gegner->13(12)
13(12)->Ich->26(13)
26(13)->Gegner->2(14)
2(14)->Ich->22(15)
22(15)->Gegner->11(16)
11(16)->Ich->33(17)
33(17)->Gegner->1(18)
12(6)->Ich->6(7)
12(6)->Ich->36(7)
6(7)->Gegner->2(8)
6(7)->Gegner->3(8)
6(7)->Gegner->18(8)
6(7)->Gegner->30(8)
6(7)->Gegner->36(8)
2(8)->Ich->22(9)
2(8)->Ich->26(9)
22(9)->Gegner->11(10)
11(10)->Ich->33(11)
33(11)->Gegner->3(12)
3(12)->Ich->21(13)
3(12)->Ich->39(13)
21(13)->Gegner->7(14)
7(14)->Ich->35(15)
35(15)->Gegner->5(16)
5(16)->Ich->25(17)
25(17)->Gegner->1(18)
39(13)->Gegner->13(14)
13(14)->Ich->26(15)
26(15)->Gegner->1(16)
26(9)->Gegner->13(10)
13(10)->Ich->39(11)
39(11)->Gegner->3(12)
3(12)->Ich->21(13)
3(12)->Ich->33(13)
21(13)->Gegner->7(14)
7(14)->Ich->35(15)
35(15)->Gegner->5(16)
5(16)->Ich->25(17)
25(17)->Gegner->1(18)
33(13)->Gegner->11(14)
11(14)->Ich->22(15)
22(15)->Gegner->1(16)
3(8)->Ich->21(9)
3(8)->Ich->33(9)
3(8)->Ich->39(9)
21(9)->Gegner->7(10)
7(10)->Ich->35(11)
35(11)->Gegner->5(12)
5(12)->Ich->25(13)
25(13)->Gegner->1(14)
33(9)->Gegner->11(10)
11(10)->Ich->22(11)
22(11)->Gegner->2(12)
2(12)->Ich->26(13)
26(13)->Gegner->13(14)
13(14)->Ich->39(15)
39(15)->Gegner->1(16)
39(9)->Gegner->13(10)
13(10)->Ich->26(11)
26(11)->Gegner->2(12)
2(12)->Ich->22(13)
22(13)->Gegner->11(14)
11(14)->Ich->33(15)
33(15)->Gegner->1(16)
18(8)->Ich->36(9)
36(9)->Gegner->2(10)
36(9)->Gegner->3(10)
36(9)->Gegner->9(10)
2(10)->Ich->22(11)
2(10)->Ich->26(11)
22(11)->Gegner->11(12)
11(12)->Ich->33(13)
33(13)->Gegner->3(14)
3(14)->Ich->21(15)
3(14)->Ich->39(15)
21(15)->Gegner->7(16)
7(16)->Ich->35(17)
35(17)->Gegner->5(18)
5(18)->Ich->25(19)
25(19)->Gegner->1(20)
39(15)->Gegner->13(16)
13(16)->Ich->26(17)
26(17)->Gegner->1(18)
26(11)->Gegner->13(12)
13(12)->Ich->39(13)
39(13)->Gegner->3(14)
3(14)->Ich->21(15)
3(14)->Ich->33(15)
21(15)->Gegner->7(16)
7(16)->Ich->35(17)
35(17)->Gegner->5(18)
5(18)->Ich->25(19)
25(19)->Gegner->1(20)
33(15)->Gegner->11(16)
11(16)->Ich->22(17)
22(17)->Gegner->1(18)
3(10)->Ich->21(11)
3(10)->Ich->33(11)
3(10)->Ich->39(11)
21(11)->Gegner->7(12)
7(12)->Ich->35(13)
35(13)->Gegner->5(14)
5(14)->Ich->25(15)
25(15)->Gegner->1(16)
33(11)->Gegner->11(12)
11(12)->Ich->22(13)
22(13)->Gegner->2(14)
2(14)->Ich->26(15)
26(15)->Gegner->13(16)
13(16)->Ich->39(17)
39(17)->Gegner->1(18)
39(11)->Gegner->13(12)
13(12)->Ich->26(13)
26(13)->Gegner->2(14)
2(14)->Ich->22(15)
22(15)->Gegner->11(16)
11(16)->Ich->33(17)
33(17)->Gegner->1(18)
9(10)->Ich->27(11)
27(11)->Gegner->3(12)
3(12)->Ich->21(13)
3(12)->Ich->33(13)
3(12)->Ich->39(13)
21(13)->Gegner->7(14)
7(14)->Ich->35(15)
35(15)->Gegner->5(16)
5(16)->Ich->25(17)
25(17)->Gegner->1(18)
33(13)->Gegner->11(14)
11(14)->Ich->22(15)
22(15)->Gegner->2(16)
2(16)->Ich->26(17)
26(17)->Gegner->13(18)
13(18)->Ich->39(19)
39(19)->Gegner->1(20)
39(13)->Gegner->13(14)
13(14)->Ich->26(15)
26(15)->Gegner->2(16)
2(16)->Ich->22(17)
22(17)->Gegner->11(18)
11(18)->Ich->33(19)
33(19)->Gegner->1(20)
30(8)->Ich->15(9)
15(9)->Gegner->3(10)
15(9)->Gegner->5(10)
3(10)->Ich->21(11)
3(10)->Ich->33(11)
3(10)->Ich->39(11)
21(11)->Gegner->7(12)
7(12)->Ich->35(13)
35(13)->Gegner->5(14)
5(14)->Ich->25(15)
25(15)->Gegner->1(16)
33(11)->Gegner->11(12)
11(12)->Ich->22(13)
22(13)->Gegner->2(14)
2(14)->Ich->26(15)
26(15)->Gegner->13(16)
13(16)->Ich->39(17)
39(17)->Gegner->1(18)
39(11)->Gegner->13(12)
13(12)->Ich->26(13)
26(13)->Gegner->2(14)
2(14)->Ich->22(15)
22(15)->Gegner->11(16)
11(16)->Ich->33(17)
33(17)->Gegner->1(18)
5(10)->Ich->25(11)
5(10)->Ich->35(11)
25(11)->Gegner->1(12)
35(11)->Gegner->7(12)
7(12)->Ich->21(13)
21(13)->Gegner->3(14)
3(14)->Ich->33(15)
3(14)->Ich->39(15)
33(15)->Gegner->11(16)
11(16)->Ich->22(17)
22(17)->Gegner->2(18)
2(18)->Ich->26(19)
26(19)->Gegner->13(20)
13(20)->Ich->39(21)
39(21)->Gegner->1(22)
39(15)->Gegner->13(16)
13(16)->Ich->26(17)
26(17)->Gegner->2(18)
2(18)->Ich->22(19)
22(19)->Gegner->11(20)
11(20)->Ich->33(21)
33(21)->Gegner->1(22)
36(8)->Ich->18(9)
18(9)->Gegner->2(10)
18(9)->Gegner->3(10)
18(9)->Gegner->9(10)
2(10)->Ich->22(11)
2(10)->Ich->26(11)
22(11)->Gegner->11(12)
11(12)->Ich->33(13)
33(13)->Gegner->3(14)
3(14)->Ich->21(15)
3(14)->Ich->39(15)
21(15)->Gegner->7(16)
7(16)->Ich->35(17)
35(17)->Gegner->5(18)
5(18)->Ich->25(19)
25(19)->Gegner->1(20)
39(15)->Gegner->13(16)
13(16)->Ich->26(17)
26(17)->Gegner->1(18)
26(11)->Gegner->13(12)
13(12)->Ich->39(13)
39(13)->Gegner->3(14)
3(14)->Ich->21(15)
3(14)->Ich->33(15)
21(15)->Gegner->7(16)
7(16)->Ich->35(17)
35(17)->Gegner->5(18)
5(18)->Ich->25(19)
25(19)->Gegner->1(20)
33(15)->Gegner->11(16)
11(16)->Ich->22(17)
22(17)->Gegner->1(18)
3(10)->Ich->21(11)
3(10)->Ich->33(11)
3(10)->Ich->39(11)
21(11)->Gegner->7(12)
7(12)->Ich->35(13)
35(13)->Gegner->5(14)
5(14)->Ich->25(15)
25(15)->Gegner->1(16)
33(11)->Gegner->11(12)
11(12)->Ich->22(13)
22(13)->Gegner->2(14)
2(14)->Ich->26(15)
26(15)->Gegner->13(16)
13(16)->Ich->39(17)
39(17)->Gegner->1(18)
39(11)->Gegner->13(12)
13(12)->Ich->26(13)
26(13)->Gegner->2(14)
2(14)->Ich->22(15)
22(15)->Gegner->11(16)
11(16)->Ich->33(17)
33(17)->Gegner->1(18)
9(10)->Ich->27(11)
27(11)->Gegner->3(12)
3(12)->Ich->21(13)
3(12)->Ich->33(13)
3(12)->Ich->39(13)
21(13)->Gegner->7(14)
7(14)->Ich->35(15)
35(15)->Gegner->5(16)
5(16)->Ich->25(17)
25(17)->Gegner->1(18)
33(13)->Gegner->11(14)
11(14)->Ich->22(15)
22(15)->Gegner->2(16)
2(16)->Ich->26(17)
26(17)->Gegner->13(18)
13(18)->Ich->39(19)
39(19)->Gegner->1(20)
39(13)->Gegner->13(14)
13(14)->Ich->26(15)
26(15)->Gegner->2(16)
2(16)->Ich->22(17)
22(17)->Gegner->11(18)
11(18)->Ich->33(19)
33(19)->Gegner->1(20)
36(7)->Gegner->2(8)
36(7)->Gegner->3(8)
36(7)->Gegner->6(8)
36(7)->Gegner->9(8)
36(7)->Gegner->18(8)
2(8)->Ich->22(9)
2(8)->Ich->26(9)
22(9)->Gegner->11(10)
11(10)->Ich->33(11)
33(11)->Gegner->3(12)
3(12)->Ich->21(13)
3(12)->Ich->39(13)
21(13)->Gegner->7(14)
7(14)->Ich->35(15)
35(15)->Gegner->5(16)
5(16)->Ich->25(17)
25(17)->Gegner->1(18)
39(13)->Gegner->13(14)
13(14)->Ich->26(15)
26(15)->Gegner->1(16)
26(9)->Gegner->13(10)
13(10)->Ich->39(11)
39(11)->Gegner->3(12)
3(12)->Ich->21(13)
3(12)->Ich->33(13)
21(13)->Gegner->7(14)
7(14)->Ich->35(15)
35(15)->Gegner->5(16)
5(16)->Ich->25(17)
25(17)->Gegner->1(18)
33(13)->Gegner->11(14)
11(14)->Ich->22(15)
22(15)->Gegner->1(16)
3(8)->Ich->21(9)
3(8)->Ich->33(9)
3(8)->Ich->39(9)
21(9)->Gegner->7(10)
7(10)->Ich->35(11)
35(11)->Gegner->5(12)
5(12)->Ich->25(13)
25(13)->Gegner->1(14)
33(9)->Gegner->11(10)
11(10)->Ich->22(11)
22(11)->Gegner->2(12)
2(12)->Ich->26(13)
26(13)->Gegner->13(14)
13(14)->Ich->39(15)
39(15)->Gegner->1(16)
39(9)->Gegner->13(10)
13(10)->Ich->26(11)
26(11)->Gegner->2(12)
2(12)->Ich->22(13)
22(13)->Gegner->11(14)
11(14)->Ich->33(15)
33(15)->Gegner->1(16)
6(8)->Ich->18(9)
18(9)->Gegner->2(10)
18(9)->Gegner->3(10)
18(9)->Gegner->9(10)
2(10)->Ich->22(11)
2(10)->Ich->26(11)
22(11)->Gegner->11(12)
11(12)->Ich->33(13)
33(13)->Gegner->3(14)
3(14)->Ich->21(15)
3(14)->Ich->39(15)
21(15)->Gegner->7(16)
7(16)->Ich->35(17)
35(17)->Gegner->5(18)
5(18)->Ich->25(19)
25(19)->Gegner->1(20)
39(15)->Gegner->13(16)
13(16)->Ich->26(17)
26(17)->Gegner->1(18)
26(11)->Gegner->13(12)
13(12)->Ich->39(13)
39(13)->Gegner->3(14)
3(14)->Ich->21(15)
3(14)->Ich->33(15)
21(15)->Gegner->7(16)
7(16)->Ich->35(17)
35(17)->Gegner->5(18)
5(18)->Ich->25(19)
25(19)->Gegner->1(20)
33(15)->Gegner->11(16)
11(16)->Ich->22(17)
22(17)->Gegner->1(18)
3(10)->Ich->21(11)
3(10)->Ich->33(11)
3(10)->Ich->39(11)
21(11)->Gegner->7(12)
7(12)->Ich->35(13)
35(13)->Gegner->5(14)
5(14)->Ich->25(15)
25(15)->Gegner->1(16)
33(11)->Gegner->11(12)
11(12)->Ich->22(13)
22(13)->Gegner->2(14)
2(14)->Ich->26(15)
26(15)->Gegner->13(16)
13(16)->Ich->39(17)
39(17)->Gegner->1(18)
39(11)->Gegner->13(12)
13(12)->Ich->26(13)
26(13)->Gegner->2(14)
2(14)->Ich->22(15)
22(15)->Gegner->11(16)
11(16)->Ich->33(17)
33(17)->Gegner->1(18)
9(10)->Ich->27(11)
27(11)->Gegner->3(12)
3(12)->Ich->21(13)
3(12)->Ich->33(13)
3(12)->Ich->39(13)
21(13)->Gegner->7(14)
7(14)->Ich->35(15)
35(15)->Gegner->5(16)
5(16)->Ich->25(17)
25(17)->Gegner->1(18)
33(13)->Gegner->11(14)
11(14)->Ich->22(15)
22(15)->Gegner->2(16)
2(16)->Ich->26(17)
26(17)->Gegner->13(18)
13(18)->Ich->39(19)
39(19)->Gegner->1(20)
39(13)->Gegner->13(14)
13(14)->Ich->26(15)
26(15)->Gegner->2(16)
2(16)->Ich->22(17)
22(17)->Gegner->11(18)
11(18)->Ich->33(19)
33(19)->Gegner->1(20)
9(8)->Ich->27(9)
27(9)->Gegner->3(10)
3(10)->Ich->21(11)
3(10)->Ich->33(11)
3(10)->Ich->39(11)
21(11)->Gegner->7(12)
7(12)->Ich->35(13)
35(13)->Gegner->5(14)
5(14)->Ich->25(15)
25(15)->Gegner->1(16)
33(11)->Gegner->11(12)
11(12)->Ich->22(13)
22(13)->Gegner->2(14)
2(14)->Ich->26(15)
26(15)->Gegner->13(16)
13(16)->Ich->39(17)
39(17)->Gegner->1(18)
39(11)->Gegner->13(12)
13(12)->Ich->26(13)
26(13)->Gegner->2(14)
2(14)->Ich->22(15)
22(15)->Gegner->11(16)
11(16)->Ich->33(17)
33(17)->Gegner->1(18)
18(8)->Ich->6(9)
6(9)->Gegner->2(10)
6(9)->Gegner->3(10)
6(9)->Gegner->30(10)
2(10)->Ich->22(11)
2(10)->Ich->26(11)
22(11)->Gegner->11(12)
11(12)->Ich->33(13)
33(13)->Gegner->3(14)
3(14)->Ich->21(15)
3(14)->Ich->39(15)
21(15)->Gegner->7(16)
7(16)->Ich->35(17)
35(17)->Gegner->5(18)
5(18)->Ich->25(19)
25(19)->Gegner->1(20)
39(15)->Gegner->13(16)
13(16)->Ich->26(17)
26(17)->Gegner->1(18)
26(11)->Gegner->13(12)
13(12)->Ich->39(13)
39(13)->Gegner->3(14)
3(14)->Ich->21(15)
3(14)->Ich->33(15)
21(15)->Gegner->7(16)
7(16)->Ich->35(17)
35(17)->Gegner->5(18)
5(18)->Ich->25(19)
25(19)->Gegner->1(20)
33(15)->Gegner->11(16)
11(16)->Ich->22(17)
22(17)->Gegner->1(18)
3(10)->Ich->21(11)
3(10)->Ich->33(11)
3(10)->Ich->39(11)
21(11)->Gegner->7(12)
7(12)->Ich->35(13)
35(13)->Gegner->5(14)
5(14)->Ich->25(15)
25(15)->Gegner->1(16)
33(11)->Gegner->11(12)
11(12)->Ich->22(13)
22(13)->Gegner->2(14)
2(14)->Ich->26(15)
26(15)->Gegner->13(16)
13(16)->Ich->39(17)
39(17)->Gegner->1(18)
39(11)->Gegner->13(12)
13(12)->Ich->26(13)
26(13)->Gegner->2(14)
2(14)->Ich->22(15)
22(15)->Gegner->11(16)
11(16)->Ich->33(17)
33(17)->Gegner->1(18)
30(10)->Ich->15(11)
15(11)->Gegner->3(12)
15(11)->Gegner->5(12)
3(12)->Ich->21(13)
3(12)->Ich->33(13)
3(12)->Ich->39(13)
21(13)->Gegner->7(14)
7(14)->Ich->35(15)
35(15)->Gegner->5(16)
5(16)->Ich->25(17)
25(17)->Gegner->1(18)
33(13)->Gegner->11(14)
11(14)->Ich->22(15)
22(15)->Gegner->2(16)
2(16)->Ich->26(17)
26(17)->Gegner->13(18)
13(18)->Ich->39(19)
39(19)->Gegner->1(20)
39(13)->Gegner->13(14)
13(14)->Ich->26(15)
26(15)->Gegner->2(16)
2(16)->Ich->22(17)
22(17)->Gegner->11(18)
11(18)->Ich->33(19)
33(19)->Gegner->1(20)
5(12)->Ich->25(13)
5(12)->Ich->35(13)
25(13)->Gegner->1(14)
35(13)->Gegner->7(14)
7(14)->Ich->21(15)
21(15)->Gegner->3(16)
3(16)->Ich->33(17)
3(16)->Ich->39(17)
33(17)->Gegner->11(18)
11(18)->Ich->22(19)
22(19)->Gegner->2(20)
2(20)->Ich->26(21)
26(21)->Gegner->13(22)
13(22)->Ich->39(23)
39(23)->Gegner->1(24)
39(17)->Gegner->13(18)
13(18)->Ich->26(19)
26(19)->Gegner->2(20)
2(20)->Ich->22(21)
22(21)->Gegner->11(22)
11(22)->Ich->33(23)
33(23)->Gegner->1(24)
20(2)->Ich->10(3)
10(3)->Gegner->2(4)
10(3)->Gegner->5(4)
10(3)->Gegner->30(4)
2(4)->Ich->22(5)
2(4)->Ich->26(5)
22(5)->Gegner->11(6)
11(6)->Ich->33(7)
33(7)->Gegner->3(8)
3(8)->Ich->21(9)
3(8)->Ich->39(9)
21(9)->Gegner->7(10)
7(10)->Ich->35(11)
35(11)->Gegner->5(12)
5(12)->Ich->25(13)
25(13)->Gegner->1(14)
39(9)->Gegner->13(10)
13(10)->Ich->26(11)
26(11)->Gegner->1(12)
26(5)->Gegner->13(6)
13(6)->Ich->39(7)
39(7)->Gegner->3(8)
3(8)->Ich->21(9)
3(8)->Ich->33(9)
21(9)->Gegner->7(10)
7(10)->Ich->35(11)
35(11)->Gegner->5(12)
5(12)->Ich->25(13)
25(13)->Gegner->1(14)
33(9)->Gegner->11(10)
11(10)->Ich->22(11)
22(11)->Gegner->1(12)
5(4)->Ich->25(5)
5(4)->Ich->35(5)
25(5)->Gegner->1(6)
35(5)->Gegner->7(6)
7(6)->Ich->21(7)
21(7)->Gegner->3(8)
3(8)->Ich->33(9)
3(8)->Ich->39(9)
33(9)->Gegner->11(10)
11(10)->Ich->22(11)
22(11)->Gegner->2(12)
2(12)->Ich->26(13)
26(13)->Gegner->13(14)
13(14)->Ich->39(15)
39(15)->Gegner->1(16)
39(9)->Gegner->13(10)
13(10)->Ich->26(11)
26(11)->Gegner->2(12)
2(12)->Ich->22(13)
22(13)->Gegner->11(14)
11(14)->Ich->33(15)
33(15)->Gegner->1(16)
30(4)->Ich->15(5)
15(5)->Gegner->3(6)
15(5)->Gegner->5(6)
3(6)->Ich->21(7)
3(6)->Ich->33(7)
3(6)->Ich->39(7)
21(7)->Gegner->7(8)
7(8)->Ich->35(9)
35(9)->Gegner->5(10)
5(10)->Ich->25(11)
25(11)->Gegner->1(12)
33(7)->Gegner->11(8)
11(8)->Ich->22(9)
22(9)->Gegner->2(10)
2(10)->Ich->26(11)
26(11)->Gegner->13(12)
13(12)->Ich->39(13)
39(13)->Gegner->1(14)
39(7)->Gegner->13(8)
13(8)->Ich->26(9)
26(9)->Gegner->2(10)
2(10)->Ich->22(11)
22(11)->Gegner->11(12)
11(12)->Ich->33(13)
33(13)->Gegner->1(14)
5(6)->Ich->25(7)
5(6)->Ich->35(7)
25(7)->Gegner->1(8)
35(7)->Gegner->7(8)
7(8)->Ich->21(9)
21(9)->Gegner->3(10)
3(10)->Ich->33(11)
3(10)->Ich->39(11)
33(11)->Gegner->11(12)
11(12)->Ich->22(13)
22(13)->Gegner->2(14)
2(14)->Ich->26(15)
26(15)->Gegner->13(16)
13(16)->Ich->39(17)
39(17)->Gegner->1(18)
39(11)->Gegner->13(12)
13(12)->Ich->26(13)
26(13)->Gegner->2(14)
2(14)->Ich->22(15)
22(15)->Gegner->11(16)
11(16)->Ich->33(17)
33(17)->Gegner->1(18)
24(2)->Ich->8(3)
8(3)->Gegner->2(4)
8(3)->Gegner->16(4)
8(3)->Gegner->32(4)
2(4)->Ich->22(5)
2(4)->Ich->26(5)
22(5)->Gegner->11(6)
11(6)->Ich->33(7)
33(7)->Gegner->3(8)
3(8)->Ich->21(9)
3(8)->Ich->39(9)
21(9)->Gegner->7(10)
7(10)->Ich->35(11)
35(11)->Gegner->5(12)
5(12)->Ich->25(13)
25(13)->Gegner->1(14)
39(9)->Gegner->13(10)
13(10)->Ich->26(11)
26(11)->Gegner->1(12)
26(5)->Gegner->13(6)
13(6)->Ich->39(7)
39(7)->Gegner->3(8)
3(8)->Ich->21(9)
3(8)->Ich->33(9)
21(9)->Gegner->7(10)
7(10)->Ich->35(11)
35(11)->Gegner->5(12)
5(12)->Ich->25(13)
25(13)->Gegner->1(14)
33(9)->Gegner->11(10)
11(10)->Ich->22(11)
22(11)->Gegner->1(12)
16(4)->Ich->32(5)
32(5)->Gegner->2(6)
2(6)->Ich->22(7)
2(6)->Ich->26(7)
22(7)->Gegner->11(8)
11(8)->Ich->33(9)
33(9)->Gegner->3(10)
3(10)->Ich->21(11)
3(10)->Ich->39(11)
21(11)->Gegner->7(12)
7(12)->Ich->35(13)
35(13)->Gegner->5(14)
5(14)->Ich->25(15)
25(15)->Gegner->1(16)
39(11)->Gegner->13(12)
13(12)->Ich->26(13)
26(13)->Gegner->1(14)
26(7)->Gegner->13(8)
13(8)->Ich->39(9)
39(9)->Gegner->3(10)
3(10)->Ich->21(11)
3(10)->Ich->33(11)
21(11)->Gegner->7(12)
7(12)->Ich->35(13)
35(13)->Gegner->5(14)
5(14)->Ich->25(15)
25(15)->Gegner->1(16)
33(11)->Gegner->11(12)
11(12)->Ich->22(13)
22(13)->Gegner->1(14)
32(4)->Ich->16(5)
16(5)->Gegner->2(6)
2(6)->Ich->22(7)
2(6)->Ich->26(7)
22(7)->Gegner->11(8)
11(8)->Ich->33(9)
33(9)->Gegner->3(10)
3(10)->Ich->21(11)
3(10)->Ich->39(11)
21(11)->Gegner->7(12)
7(12)->Ich->35(13)
35(13)->Gegner->5(14)
5(14)->Ich->25(15)
25(15)->Gegner->1(16)
39(11)->Gegner->13(12)
13(12)->Ich->26(13)
26(13)->Gegner->1(14)
26(7)->Gegner->13(8)
13(8)->Ich->39(9)
39(9)->Gegner->3(10)
3(10)->Ich->21(11)
3(10)->Ich->33(11)
21(11)->Gegner->7(12)
7(12)->Ich->35(13)
35(13)->Gegner->5(14)
5(14)->Ich->25(15)
25(15)->Gegner->1(16)
33(11)->Gegner->11(12)
11(12)->Ich->22(13)
22(13)->Gegner->1(14)
28(2)->Ich->14(3)
14(3)->Gegner->2(4)
14(3)->Gegner->7(4)
2(4)->Ich->22(5)
2(4)->Ich->26(5)
22(5)->Gegner->11(6)
11(6)->Ich->33(7)
33(7)->Gegner->3(8)
3(8)->Ich->21(9)
3(8)->Ich->39(9)
21(9)->Gegner->7(10)
7(10)->Ich->35(11)
35(11)->Gegner->5(12)
5(12)->Ich->25(13)
25(13)->Gegner->1(14)
39(9)->Gegner->13(10)
13(10)->Ich->26(11)
26(11)->Gegner->1(12)
26(5)->Gegner->13(6)
13(6)->Ich->39(7)
39(7)->Gegner->3(8)
3(8)->Ich->21(9)
3(8)->Ich->33(9)
21(9)->Gegner->7(10)
7(10)->Ich->35(11)
35(11)->Gegner->5(12)
5(12)->Ich->25(13)
25(13)->Gegner->1(14)
33(9)->Gegner->11(10)
11(10)->Ich->22(11)
22(11)->Gegner->1(12)
7(4)->Ich->21(5)
7(4)->Ich->35(5)
21(5)->Gegner->3(6)
3(6)->Ich->33(7)
3(6)->Ich->39(7)
33(7)->Gegner->11(8)
11(8)->Ich->22(9)
22(9)->Gegner->2(10)
2(10)->Ich->26(11)
26(11)->Gegner->13(12)
13(12)->Ich->39(13)
39(13)->Gegner->1(14)
39(7)->Gegner->13(8)
13(8)->Ich->26(9)
26(9)->Gegner->2(10)
2(10)->Ich->22(11)
22(11)->Gegner->11(12)
11(12)->Ich->33(13)
33(13)->Gegner->1(14)
35(5)->Gegner->5(6)
5(6)->Ich->25(7)
25(7)->Gegner->1(8)
32(2)->Ich->16(3)
16(3)->Gegner->2(4)
16(3)->Gegner->8(4)
2(4)->Ich->22(5)
2(4)->Ich->26(5)
22(5)->Gegner->11(6)
11(6)->Ich->33(7)
33(7)->Gegner->3(8)
3(8)->Ich->21(9)
3(8)->Ich->39(9)
21(9)->Gegner->7(10)
7(10)->Ich->35(11)
35(11)->Gegner->5(12)
5(12)->Ich->25(13)
25(13)->Gegner->1(14)
39(9)->Gegner->13(10)
13(10)->Ich->26(11)
26(11)->Gegner->1(12)
26(5)->Gegner->13(6)
13(6)->Ich->39(7)
39(7)->Gegner->3(8)
3(8)->Ich->21(9)
3(8)->Ich->33(9)
21(9)->Gegner->7(10)
7(10)->Ich->35(11)
35(11)->Gegner->5(12)
5(12)->Ich->25(13)
25(13)->Gegner->1(14)
33(9)->Gegner->11(10)
11(10)->Ich->22(11)
22(11)->Gegner->1(12)
8(4)->Ich->24(5)
24(5)->Gegner->2(6)
24(5)->Gegner->3(6)
24(5)->Gegner->6(6)
24(5)->Gegner->12(6)
2(6)->Ich->22(7)
2(6)->Ich->26(7)
22(7)->Gegner->11(8)
11(8)->Ich->33(9)
33(9)->Gegner->3(10)
3(10)->Ich->21(11)
3(10)->Ich->39(11)
21(11)->Gegner->7(12)
7(12)->Ich->35(13)
35(13)->Gegner->5(14)
5(14)->Ich->25(15)
25(15)->Gegner->1(16)
39(11)->Gegner->13(12)
13(12)->Ich->26(13)
26(13)->Gegner->1(14)
26(7)->Gegner->13(8)
13(8)->Ich->39(9)
39(9)->Gegner->3(10)
3(10)->Ich->21(11)
3(10)->Ich->33(11)
21(11)->Gegner->7(12)
7(12)->Ich->35(13)
35(13)->Gegner->5(14)
5(14)->Ich->25(15)
25(15)->Gegner->1(16)
33(11)->Gegner->11(12)
11(12)->Ich->22(13)
22(13)->Gegner->1(14)
3(6)->Ich->21(7)
3(6)->Ich->33(7)
3(6)->Ich->39(7)
21(7)->Gegner->7(8)
7(8)->Ich->35(9)
35(9)->Gegner->5(10)
5(10)->Ich->25(11)
25(11)->Gegner->1(12)
33(7)->Gegner->11(8)
11(8)->Ich->22(9)
22(9)->Gegner->2(10)
2(10)->Ich->26(11)
26(11)->Gegner->13(12)
13(12)->Ich->39(13)
39(13)->Gegner->1(14)
39(7)->Gegner->13(8)
13(8)->Ich->26(9)
26(9)->Gegner->2(10)
2(10)->Ich->22(11)
22(11)->Gegner->11(12)
11(12)->Ich->33(13)
33(13)->Gegner->1(14)
6(6)->Ich->12(7)
6(6)->Ich->18(7)
12(7)->Gegner->2(8)
12(7)->Gegner->3(8)
12(7)->Gegner->36(8)
2(8)->Ich->22(9)
2(8)->Ich->26(9)
22(9)->Gegner->11(10)
11(10)->Ich->33(11)
33(11)->Gegner->3(12)
3(12)->Ich->21(13)
3(12)->Ich->39(13)
21(13)->Gegner->7(14)
7(14)->Ich->35(15)
35(15)->Gegner->5(16)
5(16)->Ich->25(17)
25(17)->Gegner->1(18)
39(13)->Gegner->13(14)
13(14)->Ich->26(15)
26(15)->Gegner->1(16)
26(9)->Gegner->13(10)
13(10)->Ich->39(11)
39(11)->Gegner->3(12)
3(12)->Ich->21(13)
3(12)->Ich->33(13)
21(13)->Gegner->7(14)
7(14)->Ich->35(15)
35(15)->Gegner->5(16)
5(16)->Ich->25(17)
25(17)->Gegner->1(18)
33(13)->Gegner->11(14)
11(14)->Ich->22(15)
22(15)->Gegner->1(16)
3(8)->Ich->21(9)
3(8)->Ich->33(9)
3(8)->Ich->39(9)
21(9)->Gegner->7(10)
7(10)->Ich->35(11)
35(11)->Gegner->5(12)
5(12)->Ich->25(13)
25(13)->Gegner->1(14)
33(9)->Gegner->11(10)
11(10)->Ich->22(11)
22(11)->Gegner->2(12)
2(12)->Ich->26(13)
26(13)->Gegner->13(14)
13(14)->Ich->39(15)
39(15)->Gegner->1(16)
39(9)->Gegner->13(10)
13(10)->Ich->26(11)
26(11)->Gegner->2(12)
2(12)->Ich->22(13)
22(13)->Gegner->11(14)
11(14)->Ich->33(15)
33(15)->Gegner->1(16)
36(8)->Ich->18(9)
18(9)->Gegner->2(10)
18(9)->Gegner->3(10)
18(9)->Gegner->9(10)
2(10)->Ich->22(11)
2(10)->Ich->26(11)
22(11)->Gegner->11(12)
11(12)->Ich->33(13)
33(13)->Gegner->3(14)
3(14)->Ich->21(15)
3(14)->Ich->39(15)
21(15)->Gegner->7(16)
7(16)->Ich->35(17)
35(17)->Gegner->5(18)
5(18)->Ich->25(19)
25(19)->Gegner->1(20)
39(15)->Gegner->13(16)
13(16)->Ich->26(17)
26(17)->Gegner->1(18)
26(11)->Gegner->13(12)
13(12)->Ich->39(13)
39(13)->Gegner->3(14)
3(14)->Ich->21(15)
3(14)->Ich->33(15)
21(15)->Gegner->7(16)
7(16)->Ich->35(17)
35(17)->Gegner->5(18)
5(18)->Ich->25(19)
25(19)->Gegner->1(20)
33(15)->Gegner->11(16)
11(16)->Ich->22(17)
22(17)->Gegner->1(18)
3(10)->Ich->21(11)
3(10)->Ich->33(11)
3(10)->Ich->39(11)
21(11)->Gegner->7(12)
7(12)->Ich->35(13)
35(13)->Gegner->5(14)
5(14)->Ich->25(15)
25(15)->Gegner->1(16)
33(11)->Gegner->11(12)
11(12)->Ich->22(13)
22(13)->Gegner->2(14)
2(14)->Ich->26(15)
26(15)->Gegner->13(16)
13(16)->Ich->39(17)
39(17)->Gegner->1(18)
39(11)->Gegner->13(12)
13(12)->Ich->26(13)
26(13)->Gegner->2(14)
2(14)->Ich->22(15)
22(15)->Gegner->11(16)
11(16)->Ich->33(17)
33(17)->Gegner->1(18)
9(10)->Ich->27(11)
27(11)->Gegner->3(12)
3(12)->Ich->21(13)
3(12)->Ich->33(13)
3(12)->Ich->39(13)
21(13)->Gegner->7(14)
7(14)->Ich->35(15)
35(15)->Gegner->5(16)
5(16)->Ich->25(17)
25(17)->Gegner->1(18)
33(13)->Gegner->11(14)
11(14)->Ich->22(15)
22(15)->Gegner->2(16)
2(16)->Ich->26(17)
26(17)->Gegner->13(18)
13(18)->Ich->39(19)
39(19)->Gegner->1(20)
39(13)->Gegner->13(14)
13(14)->Ich->26(15)
26(15)->Gegner->2(16)
2(16)->Ich->22(17)
22(17)->Gegner->11(18)
11(18)->Ich->33(19)
33(19)->Gegner->1(20)
18(7)->Gegner->2(8)
18(7)->Gegner->3(8)
18(7)->Gegner->9(8)
18(7)->Gegner->36(8)
2(8)->Ich->22(9)
2(8)->Ich->26(9)
22(9)->Gegner->11(10)
11(10)->Ich->33(11)
33(11)->Gegner->3(12)
3(12)->Ich->21(13)
3(12)->Ich->39(13)
21(13)->Gegner->7(14)
7(14)->Ich->35(15)
35(15)->Gegner->5(16)
5(16)->Ich->25(17)
25(17)->Gegner->1(18)
39(13)->Gegner->13(14)
13(14)->Ich->26(15)
26(15)->Gegner->1(16)
26(9)->Gegner->13(10)
13(10)->Ich->39(11)
39(11)->Gegner->3(12)
3(12)->Ich->21(13)
3(12)->Ich->33(13)
21(13)->Gegner->7(14)
7(14)->Ich->35(15)
35(15)->Gegner->5(16)
5(16)->Ich->25(17)
25(17)->Gegner->1(18)
33(13)->Gegner->11(14)
11(14)->Ich->22(15)
22(15)->Gegner->1(16)
3(8)->Ich->21(9)
3(8)->Ich->33(9)
3(8)->Ich->39(9)
21(9)->Gegner->7(10)
7(10)->Ich->35(11)
35(11)->Gegner->5(12)
5(12)->Ich->25(13)
25(13)->Gegner->1(14)
33(9)->Gegner->11(10)
11(10)->Ich->22(11)
22(11)->Gegner->2(12)
2(12)->Ich->26(13)
26(13)->Gegner->13(14)
13(14)->Ich->39(15)
39(15)->Gegner->1(16)
39(9)->Gegner->13(10)
13(10)->Ich->26(11)
26(11)->Gegner->2(12)
2(12)->Ich->22(13)
22(13)->Gegner->11(14)
11(14)->Ich->33(15)
33(15)->Gegner->1(16)
9(8)->Ich->27(9)
27(9)->Gegner->3(10)
3(10)->Ich->21(11)
3(10)->Ich->33(11)
3(10)->Ich->39(11)
21(11)->Gegner->7(12)
7(12)->Ich->35(13)
35(13)->Gegner->5(14)
5(14)->Ich->25(15)
25(15)->Gegner->1(16)
33(11)->Gegner->11(12)
11(12)->Ich->22(13)
22(13)->Gegner->2(14)
2(14)->Ich->26(15)
26(15)->Gegner->13(16)
13(16)->Ich->39(17)
39(17)->Gegner->1(18)
39(11)->Gegner->13(12)
13(12)->Ich->26(13)
26(13)->Gegner->2(14)
2(14)->Ich->22(15)
22(15)->Gegner->11(16)
11(16)->Ich->33(17)
33(17)->Gegner->1(18)
36(8)->Ich->12(9)
12(9)->Gegner->2(10)
12(9)->Gegner->3(10)
2(10)->Ich->22(11)
2(10)->Ich->26(11)
22(11)->Gegner->11(12)
11(12)->Ich->33(13)
33(13)->Gegner->3(14)
3(14)->Ich->21(15)
3(14)->Ich->39(15)
21(15)->Gegner->7(16)
7(16)->Ich->35(17)
35(17)->Gegner->5(18)
5(18)->Ich->25(19)
25(19)->Gegner->1(20)
39(15)->Gegner->13(16)
13(16)->Ich->26(17)
26(17)->Gegner->1(18)
26(11)->Gegner->13(12)
13(12)->Ich->39(13)
39(13)->Gegner->3(14)
3(14)->Ich->21(15)
3(14)->Ich->33(15)
21(15)->Gegner->7(16)
7(16)->Ich->35(17)
35(17)->Gegner->5(18)
5(18)->Ich->25(19)
25(19)->Gegner->1(20)
33(15)->Gegner->11(16)
11(16)->Ich->22(17)
22(17)->Gegner->1(18)
3(10)->Ich->21(11)
3(10)->Ich->33(11)
3(10)->Ich->39(11)
21(11)->Gegner->7(12)
7(12)->Ich->35(13)
35(13)->Gegner->5(14)
5(14)->Ich->25(15)
25(15)->Gegner->1(16)
33(11)->Gegner->11(12)
11(12)->Ich->22(13)
22(13)->Gegner->2(14)
2(14)->Ich->26(15)
26(15)->Gegner->13(16)
13(16)->Ich->39(17)
39(17)->Gegner->1(18)
39(11)->Gegner->13(12)
13(12)->Ich->26(13)
26(13)->Gegner->2(14)
2(14)->Ich->22(15)
22(15)->Gegner->11(16)
11(16)->Ich->33(17)
33(17)->Gegner->1(18)
12(6)->Ich->6(7)
12(6)->Ich->36(7)
6(7)->Gegner->2(8)
6(7)->Gegner->3(8)
6(7)->Gegner->18(8)
6(7)->Gegner->30(8)
6(7)->Gegner->36(8)
2(8)->Ich->22(9)
2(8)->Ich->26(9)
22(9)->Gegner->11(10)
11(10)->Ich->33(11)
33(11)->Gegner->3(12)
3(12)->Ich->21(13)
3(12)->Ich->39(13)
21(13)->Gegner->7(14)
7(14)->Ich->35(15)
35(15)->Gegner->5(16)
5(16)->Ich->25(17)
25(17)->Gegner->1(18)
39(13)->Gegner->13(14)
13(14)->Ich->26(15)
26(15)->Gegner->1(16)
26(9)->Gegner->13(10)
13(10)->Ich->39(11)
39(11)->Gegner->3(12)
3(12)->Ich->21(13)
3(12)->Ich->33(13)
21(13)->Gegner->7(14)
7(14)->Ich->35(15)
35(15)->Gegner->5(16)
5(16)->Ich->25(17)
25(17)->Gegner->1(18)
33(13)->Gegner->11(14)
11(14)->Ich->22(15)
22(15)->Gegner->1(16)
3(8)->Ich->21(9)
3(8)->Ich->33(9)
3(8)->Ich->39(9)
21(9)->Gegner->7(10)
7(10)->Ich->35(11)
35(11)->Gegner->5(12)
5(12)->Ich->25(13)
25(13)->Gegner->1(14)
33(9)->Gegner->11(10)
11(10)->Ich->22(11)
22(11)->Gegner->2(12)
2(12)->Ich->26(13)
26(13)->Gegner->13(14)
13(14)->Ich->39(15)
39(15)->Gegner->1(16)
39(9)->Gegner->13(10)
13(10)->Ich->26(11)
26(11)->Gegner->2(12)
2(12)->Ich->22(13)
22(13)->Gegner->11(14)
11(14)->Ich->33(15)
33(15)->Gegner->1(16)
18(8)->Ich->36(9)
36(9)->Gegner->2(10)
36(9)->Gegner->3(10)
36(9)->Gegner->9(10)
2(10)->Ich->22(11)
2(10)->Ich->26(11)
22(11)->Gegner->11(12)
11(12)->Ich->33(13)
33(13)->Gegner->3(14)
3(14)->Ich->21(15)
3(14)->Ich->39(15)
21(15)->Gegner->7(16)
7(16)->Ich->35(17)
35(17)->Gegner->5(18)
5(18)->Ich->25(19)
25(19)->Gegner->1(20)
39(15)->Gegner->13(16)
13(16)->Ich->26(17)
26(17)->Gegner->1(18)
26(11)->Gegner->13(12)
13(12)->Ich->39(13)
39(13)->Gegner->3(14)
3(14)->Ich->21(15)
3(14)->Ich->33(15)
21(15)->Gegner->7(16)
7(16)->Ich->35(17)
35(17)->Gegner->5(18)
5(18)->Ich->25(19)
25(19)->Gegner->1(20)
33(15)->Gegner->11(16)
11(16)->Ich->22(17)
22(17)->Gegner->1(18)
3(10)->Ich->21(11)
3(10)->Ich->33(11)
3(10)->Ich->39(11)
21(11)->Gegner->7(12)
7(12)->Ich->35(13)
35(13)->Gegner->5(14)
5(14)->Ich->25(15)
25(15)->Gegner->1(16)
33(11)->Gegner->11(12)
11(12)->Ich->22(13)
22(13)->Gegner->2(14)
2(14)->Ich->26(15)
26(15)->Gegner->13(16)
13(16)->Ich->39(17)
39(17)->Gegner->1(18)
39(11)->Gegner->13(12)
13(12)->Ich->26(13)
26(13)->Gegner->2(14)
2(14)->Ich->22(15)
22(15)->Gegner->11(16)
11(16)->Ich->33(17)
33(17)->Gegner->1(18)
9(10)->Ich->27(11)
27(11)->Gegner->3(12)
3(12)->Ich->21(13)
3(12)->Ich->33(13)
3(12)->Ich->39(13)
21(13)->Gegner->7(14)
7(14)->Ich->35(15)
35(15)->Gegner->5(16)
5(16)->Ich->25(17)
25(17)->Gegner->1(18)
33(13)->Gegner->11(14)
11(14)->Ich->22(15)
22(15)->Gegner->2(16)
2(16)->Ich->26(17)
26(17)->Gegner->13(18)
13(18)->Ich->39(19)
39(19)->Gegner->1(20)
39(13)->Gegner->13(14)
13(14)->Ich->26(15)
26(15)->Gegner->2(16)
2(16)->Ich->22(17)
22(17)->Gegner->11(18)
11(18)->Ich->33(19)
33(19)->Gegner->1(20)
30(8)->Ich->15(9)
15(9)->Gegner->3(10)
15(9)->Gegner->5(10)
3(10)->Ich->21(11)
3(10)->Ich->33(11)
3(10)->Ich->39(11)
21(11)->Gegner->7(12)
7(12)->Ich->35(13)
35(13)->Gegner->5(14)
5(14)->Ich->25(15)
25(15)->Gegner->1(16)
33(11)->Gegner->11(12)
11(12)->Ich->22(13)
22(13)->Gegner->2(14)
2(14)->Ich->26(15)
26(15)->Gegner->13(16)
13(16)->Ich->39(17)
39(17)->Gegner->1(18)
39(11)->Gegner->13(12)
13(12)->Ich->26(13)
26(13)->Gegner->2(14)
2(14)->Ich->22(15)
22(15)->Gegner->11(16)
11(16)->Ich->33(17)
33(17)->Gegner->1(18)
5(10)->Ich->25(11)
5(10)->Ich->35(11)
25(11)->Gegner->1(12)
35(11)->Gegner->7(12)
7(12)->Ich->21(13)
21(13)->Gegner->3(14)
3(14)->Ich->33(15)
3(14)->Ich->39(15)
33(15)->Gegner->11(16)
11(16)->Ich->22(17)
22(17)->Gegner->2(18)
2(18)->Ich->26(19)
26(19)->Gegner->13(20)
13(20)->Ich->39(21)
39(21)->Gegner->1(22)
39(15)->Gegner->13(16)
13(16)->Ich->26(17)
26(17)->Gegner->2(18)
2(18)->Ich->22(19)
22(19)->Gegner->11(20)
11(20)->Ich->33(21)
33(21)->Gegner->1(22)
36(8)->Ich->18(9)
18(9)->Gegner->2(10)
18(9)->Gegner->3(10)
18(9)->Gegner->9(10)
2(10)->Ich->22(11)
2(10)->Ich->26(11)
22(11)->Gegner->11(12)
11(12)->Ich->33(13)
33(13)->Gegner->3(14)
3(14)->Ich->21(15)
3(14)->Ich->39(15)
21(15)->Gegner->7(16)
7(16)->Ich->35(17)
35(17)->Gegner->5(18)
5(18)->Ich->25(19)
25(19)->Gegner->1(20)
39(15)->Gegner->13(16)
13(16)->Ich->26(17)
26(17)->Gegner->1(18)
26(11)->Gegner->13(12)
13(12)->Ich->39(13)
39(13)->Gegner->3(14)
3(14)->Ich->21(15)
3(14)->Ich->33(15)
21(15)->Gegner->7(16)
7(16)->Ich->35(17)
35(17)->Gegner->5(18)
5(18)->Ich->25(19)
25(19)->Gegner->1(20)
33(15)->Gegner->11(16)
11(16)->Ich->22(17)
22(17)->Gegner->1(18)
3(10)->Ich->21(11)
3(10)->Ich->33(11)
3(10)->Ich->39(11)
21(11)->Gegner->7(12)
7(12)->Ich->35(13)
35(13)->Gegner->5(14)
5(14)->Ich->25(15)
25(15)->Gegner->1(16)
33(11)->Gegner->11(12)
11(12)->Ich->22(13)
22(13)->Gegner->2(14)
2(14)->Ich->26(15)
26(15)->Gegner->13(16)
13(16)->Ich->39(17)
39(17)->Gegner->1(18)
39(11)->Gegner->13(12)
13(12)->Ich->26(13)
26(13)->Gegner->2(14)
2(14)->Ich->22(15)
22(15)->Gegner->11(16)
11(16)->Ich->33(17)
33(17)->Gegner->1(18)
9(10)->Ich->27(11)
27(11)->Gegner->3(12)
3(12)->Ich->21(13)
3(12)->Ich->33(13)
3(12)->Ich->39(13)
21(13)->Gegner->7(14)
7(14)->Ich->35(15)
35(15)->Gegner->5(16)
5(16)->Ich->25(17)
25(17)->Gegner->1(18)
33(13)->Gegner->11(14)
11(14)->Ich->22(15)
22(15)->Gegner->2(16)
2(16)->Ich->26(17)
26(17)->Gegner->13(18)
13(18)->Ich->39(19)
39(19)->Gegner->1(20)
39(13)->Gegner->13(14)
13(14)->Ich->26(15)
26(15)->Gegner->2(16)
2(16)->Ich->22(17)
22(17)->Gegner->11(18)
11(18)->Ich->33(19)
33(19)->Gegner->1(20)
36(7)->Gegner->2(8)
36(7)->Gegner->3(8)
36(7)->Gegner->6(8)
36(7)->Gegner->9(8)
36(7)->Gegner->18(8)
2(8)->Ich->22(9)
2(8)->Ich->26(9)
22(9)->Gegner->11(10)
11(10)->Ich->33(11)
33(11)->Gegner->3(12)
3(12)->Ich->21(13)
3(12)->Ich->39(13)
21(13)->Gegner->7(14)
7(14)->Ich->35(15)
35(15)->Gegner->5(16)
5(16)->Ich->25(17)
25(17)->Gegner->1(18)
39(13)->Gegner->13(14)
13(14)->Ich->26(15)
26(15)->Gegner->1(16)
26(9)->Gegner->13(10)
13(10)->Ich->39(11)
39(11)->Gegner->3(12)
3(12)->Ich->21(13)
3(12)->Ich->33(13)
21(13)->Gegner->7(14)
7(14)->Ich->35(15)
35(15)->Gegner->5(16)
5(16)->Ich->25(17)
25(17)->Gegner->1(18)
33(13)->Gegner->11(14)
11(14)->Ich->22(15)
22(15)->Gegner->1(16)
3(8)->Ich->21(9)
3(8)->Ich->33(9)
3(8)->Ich->39(9)
21(9)->Gegner->7(10)
7(10)->Ich->35(11)
35(11)->Gegner->5(12)
5(12)->Ich->25(13)
25(13)->Gegner->1(14)
33(9)->Gegner->11(10)
11(10)->Ich->22(11)
22(11)->Gegner->2(12)
2(12)->Ich->26(13)
26(13)->Gegner->13(14)
13(14)->Ich->39(15)
39(15)->Gegner->1(16)
39(9)->Gegner->13(10)
13(10)->Ich->26(11)
26(11)->Gegner->2(12)
2(12)->Ich->22(13)
22(13)->Gegner->11(14)
11(14)->Ich->33(15)
33(15)->Gegner->1(16)
6(8)->Ich->18(9)
18(9)->Gegner->2(10)
18(9)->Gegner->3(10)
18(9)->Gegner->9(10)
2(10)->Ich->22(11)
2(10)->Ich->26(11)
22(11)->Gegner->11(12)
11(12)->Ich->33(13)
33(13)->Gegner->3(14)
3(14)->Ich->21(15)
3(14)->Ich->39(15)
21(15)->Gegner->7(16)
7(16)->Ich->35(17)
35(17)->Gegner->5(18)
5(18)->Ich->25(19)
25(19)->Gegner->1(20)
39(15)->Gegner->13(16)
13(16)->Ich->26(17)
26(17)->Gegner->1(18)
26(11)->Gegner->13(12)
13(12)->Ich->39(13)
39(13)->Gegner->3(14)
3(14)->Ich->21(15)
3(14)->Ich->33(15)
21(15)->Gegner->7(16)
7(16)->Ich->35(17)
35(17)->Gegner->5(18)
5(18)->Ich->25(19)
25(19)->Gegner->1(20)
33(15)->Gegner->11(16)
11(16)->Ich->22(17)
22(17)->Gegner->1(18)
3(10)->Ich->21(11)
3(10)->Ich->33(11)
3(10)->Ich->39(11)
21(11)->Gegner->7(12)
7(12)->Ich->35(13)
35(13)->Gegner->5(14)
5(14)->Ich->25(15)
25(15)->Gegner->1(16)
33(11)->Gegner->11(12)
11(12)->Ich->22(13)
22(13)->Gegner->2(14)
2(14)->Ich->26(15)
26(15)->Gegner->13(16)
13(16)->Ich->39(17)
39(17)->Gegner->1(18)
39(11)->Gegner->13(12)
13(12)->Ich->26(13)
26(13)->Gegner->2(14)
2(14)->Ich->22(15)
22(15)->Gegner->11(16)
11(16)->Ich->33(17)
33(17)->Gegner->1(18)
9(10)->Ich->27(11)
27(11)->Gegner->3(12)
3(12)->Ich->21(13)
3(12)->Ich->33(13)
3(12)->Ich->39(13)
21(13)->Gegner->7(14)
7(14)->Ich->35(15)
35(15)->Gegner->5(16)
5(16)->Ich->25(17)
25(17)->Gegner->1(18)
33(13)->Gegner->11(14)
11(14)->Ich->22(15)
22(15)->Gegner->2(16)
2(16)->Ich->26(17)
26(17)->Gegner->13(18)
13(18)->Ich->39(19)
39(19)->Gegner->1(20)
39(13)->Gegner->13(14)
13(14)->Ich->26(15)
26(15)->Gegner->2(16)
2(16)->Ich->22(17)
22(17)->Gegner->11(18)
11(18)->Ich->33(19)
33(19)->Gegner->1(20)
9(8)->Ich->27(9)
27(9)->Gegner->3(10)
3(10)->Ich->21(11)
3(10)->Ich->33(11)
3(10)->Ich->39(11)
21(11)->Gegner->7(12)
7(12)->Ich->35(13)
35(13)->Gegner->5(14)
5(14)->Ich->25(15)
25(15)->Gegner->1(16)
33(11)->Gegner->11(12)
11(12)->Ich->22(13)
22(13)->Gegner->2(14)
2(14)->Ich->26(15)
26(15)->Gegner->13(16)
13(16)->Ich->39(17)
39(17)->Gegner->1(18)
39(11)->Gegner->13(12)
13(12)->Ich->26(13)
26(13)->Gegner->2(14)
2(14)->Ich->22(15)
22(15)->Gegner->11(16)
11(16)->Ich->33(17)
33(17)->Gegner->1(18)
18(8)->Ich->6(9)
6(9)->Gegner->2(10)
6(9)->Gegner->3(10)
6(9)->Gegner->30(10)
2(10)->Ich->22(11)
2(10)->Ich->26(11)
22(11)->Gegner->11(12)
11(12)->Ich->33(13)
33(13)->Gegner->3(14)
3(14)->Ich->21(15)
3(14)->Ich->39(15)
21(15)->Gegner->7(16)
7(16)->Ich->35(17)
35(17)->Gegner->5(18)
5(18)->Ich->25(19)
25(19)->Gegner->1(20)
39(15)->Gegner->13(16)
13(16)->Ich->26(17)
26(17)->Gegner->1(18)
26(11)->Gegner->13(12)
13(12)->Ich->39(13)
39(13)->Gegner->3(14)
3(14)->Ich->21(15)
3(14)->Ich->33(15)
21(15)->Gegner->7(16)
7(16)->Ich->35(17)
35(17)->Gegner->5(18)
5(18)->Ich->25(19)
25(19)->Gegner->1(20)
33(15)->Gegner->11(16)
11(16)->Ich->22(17)
22(17)->Gegner->1(18)
3(10)->Ich->21(11)
3(10)->Ich->33(11)
3(10)->Ich->39(11)
21(11)->Gegner->7(12)
7(12)->Ich->35(13)
35(13)->Gegner->5(14)
5(14)->Ich->25(15)
25(15)->Gegner->1(16)
33(11)->Gegner->11(12)
11(12)->Ich->22(13)
22(13)->Gegner->2(14)
2(14)->Ich->26(15)
26(15)->Gegner->13(16)
13(16)->Ich->39(17)
39(17)->Gegner->1(18)
39(11)->Gegner->13(12)
13(12)->Ich->26(13)
26(13)->Gegner->2(14)
2(14)->Ich->22(15)
22(15)->Gegner->11(16)
11(16)->Ich->33(17)
33(17)->Gegner->1(18)
30(10)->Ich->15(11)
15(11)->Gegner->3(12)
15(11)->Gegner->5(12)
3(12)->Ich->21(13)
3(12)->Ich->33(13)
3(12)->Ich->39(13)
21(13)->Gegner->7(14)
7(14)->Ich->35(15)
35(15)->Gegner->5(16)
5(16)->Ich->25(17)
25(17)->Gegner->1(18)
33(13)->Gegner->11(14)
11(14)->Ich->22(15)
22(15)->Gegner->2(16)
2(16)->Ich->26(17)
26(17)->Gegner->13(18)
13(18)->Ich->39(19)
39(19)->Gegner->1(20)
39(13)->Gegner->13(14)
13(14)->Ich->26(15)
26(15)->Gegner->2(16)
2(16)->Ich->22(17)
22(17)->Gegner->11(18)
11(18)->Ich->33(19)
33(19)->Gegner->1(20)
5(12)->Ich->25(13)
5(12)->Ich->35(13)
25(13)->Gegner->1(14)
35(13)->Gegner->7(14)
7(14)->Ich->21(15)
21(15)->Gegner->3(16)
3(16)->Ich->33(17)
3(16)->Ich->39(17)
33(17)->Gegner->11(18)
11(18)->Ich->22(19)
22(19)->Gegner->2(20)
2(20)->Ich->26(21)
26(21)->Gegner->13(22)
13(22)->Ich->39(23)
39(23)->Gegner->1(24)
39(17)->Gegner->13(18)
13(18)->Ich->26(19)
26(19)->Gegner->2(20)
2(20)->Ich->22(21)
22(21)->Gegner->11(22)
11(22)->Ich->33(23)
33(23)->Gegner->1(24)
36(2)->Ich->12(3)
36(2)->Ich->18(3)
12(3)->Gegner->2(4)
12(3)->Gegner->3(4)
12(3)->Gegner->6(4)
12(3)->Gegner->24(4)
2(4)->Ich->22(5)
2(4)->Ich->26(5)
22(5)->Gegner->11(6)
11(6)->Ich->33(7)
33(7)->Gegner->3(8)
3(8)->Ich->21(9)
3(8)->Ich->39(9)
21(9)->Gegner->7(10)
7(10)->Ich->35(11)
35(11)->Gegner->5(12)
5(12)->Ich->25(13)
25(13)->Gegner->1(14)
39(9)->Gegner->13(10)
13(10)->Ich->26(11)
26(11)->Gegner->1(12)
26(5)->Gegner->13(6)
13(6)->Ich->39(7)
39(7)->Gegner->3(8)
3(8)->Ich->21(9)
3(8)->Ich->33(9)
21(9)->Gegner->7(10)
7(10)->Ich->35(11)
35(11)->Gegner->5(12)
5(12)->Ich->25(13)
25(13)->Gegner->1(14)
33(9)->Gegner->11(10)
11(10)->Ich->22(11)
22(11)->Gegner->1(12)
3(4)->Ich->21(5)
3(4)->Ich->33(5)
3(4)->Ich->39(5)
21(5)->Gegner->7(6)
7(6)->Ich->35(7)
35(7)->Gegner->5(8)
5(8)->Ich->25(9)
25(9)->Gegner->1(10)
33(5)->Gegner->11(6)
11(6)->Ich->22(7)
22(7)->Gegner->2(8)
2(8)->Ich->26(9)
26(9)->Gegner->13(10)
13(10)->Ich->39(11)
39(11)->Gegner->1(12)
39(5)->Gegner->13(6)
13(6)->Ich->26(7)
26(7)->Gegner->2(8)
2(8)->Ich->22(9)
22(9)->Gegner->11(10)
11(10)->Ich->33(11)
33(11)->Gegner->1(12)
6(4)->Ich->18(5)
18(5)->Gegner->2(6)
18(5)->Gegner->3(6)
18(5)->Gegner->9(6)
2(6)->Ich->22(7)
2(6)->Ich->26(7)
22(7)->Gegner->11(8)
11(8)->Ich->33(9)
33(9)->Gegner->3(10)
3(10)->Ich->21(11)
3(10)->Ich->39(11)
21(11)->Gegner->7(12)
7(12)->Ich->35(13)
35(13)->Gegner->5(14)
5(14)->Ich->25(15)
25(15)->Gegner->1(16)
39(11)->Gegner->13(12)
13(12)->Ich->26(13)
26(13)->Gegner->1(14)
26(7)->Gegner->13(8)
13(8)->Ich->39(9)
39(9)->Gegner->3(10)
3(10)->Ich->21(11)
3(10)->Ich->33(11)
21(11)->Gegner->7(12)
7(12)->Ich->35(13)
35(13)->Gegner->5(14)
5(14)->Ich->25(15)
25(15)->Gegner->1(16)
33(11)->Gegner->11(12)
11(12)->Ich->22(13)
22(13)->Gegner->1(14)
3(6)->Ich->21(7)
3(6)->Ich->33(7)
3(6)->Ich->39(7)
21(7)->Gegner->7(8)
7(8)->Ich->35(9)
35(9)->Gegner->5(10)
5(10)->Ich->25(11)
25(11)->Gegner->1(12)
33(7)->Gegner->11(8)
11(8)->Ich->22(9)
22(9)->Gegner->2(10)
2(10)->Ich->26(11)
26(11)->Gegner->13(12)
13(12)->Ich->39(13)
39(13)->Gegner->1(14)
39(7)->Gegner->13(8)
13(8)->Ich->26(9)
26(9)->Gegner->2(10)
2(10)->Ich->22(11)
22(11)->Gegner->11(12)
11(12)->Ich->33(13)
33(13)->Gegner->1(14)
9(6)->Ich->27(7)
27(7)->Gegner->3(8)
3(8)->Ich->21(9)
3(8)->Ich->33(9)
3(8)->Ich->39(9)
21(9)->Gegner->7(10)
7(10)->Ich->35(11)
35(11)->Gegner->5(12)
5(12)->Ich->25(13)
25(13)->Gegner->1(14)
33(9)->Gegner->11(10)
11(10)->Ich->22(11)
22(11)->Gegner->2(12)
2(12)->Ich->26(13)
26(13)->Gegner->13(14)
13(14)->Ich->39(15)
39(15)->Gegner->1(16)
39(9)->Gegner->13(10)
13(10)->Ich->26(11)
26(11)->Gegner->2(12)
2(12)->Ich->22(13)
22(13)->Gegner->11(14)
11(14)->Ich->33(15)
33(15)->Gegner->1(16)
24(4)->Ich->8(5)
8(5)->Gegner->2(6)
8(5)->Gegner->16(6)
8(5)->Gegner->32(6)
2(6)->Ich->22(7)
2(6)->Ich->26(7)
22(7)->Gegner->11(8)
11(8)->Ich->33(9)
33(9)->Gegner->3(10)
3(10)->Ich->21(11)
3(10)->Ich->39(11)
21(11)->Gegner->7(12)
7(12)->Ich->35(13)
35(13)->Gegner->5(14)
5(14)->Ich->25(15)
25(15)->Gegner->1(16)
39(11)->Gegner->13(12)
13(12)->Ich->26(13)
26(13)->Gegner->1(14)
26(7)->Gegner->13(8)
13(8)->Ich->39(9)
39(9)->Gegner->3(10)
3(10)->Ich->21(11)
3(10)->Ich->33(11)
21(11)->Gegner->7(12)
7(12)->Ich->35(13)
35(13)->Gegner->5(14)
5(14)->Ich->25(15)
25(15)->Gegner->1(16)
33(11)->Gegner->11(12)
11(12)->Ich->22(13)
22(13)->Gegner->1(14)
16(6)->Ich->32(7)
32(7)->Gegner->2(8)
2(8)->Ich->22(9)
2(8)->Ich->26(9)
22(9)->Gegner->11(10)
11(10)->Ich->33(11)
33(11)->Gegner->3(12)
3(12)->Ich->21(13)
3(12)->Ich->39(13)
21(13)->Gegner->7(14)
7(14)->Ich->35(15)
35(15)->Gegner->5(16)
5(16)->Ich->25(17)
25(17)->Gegner->1(18)
39(13)->Gegner->13(14)
13(14)->Ich->26(15)
26(15)->Gegner->1(16)
26(9)->Gegner->13(10)
13(10)->Ich->39(11)
39(11)->Gegner->3(12)
3(12)->Ich->21(13)
3(12)->Ich->33(13)
21(13)->Gegner->7(14)
7(14)->Ich->35(15)
35(15)->Gegner->5(16)
5(16)->Ich->25(17)
25(17)->Gegner->1(18)
33(13)->Gegner->11(14)
11(14)->Ich->22(15)
22(15)->Gegner->1(16)
32(6)->Ich->16(7)
16(7)->Gegner->2(8)
2(8)->Ich->22(9)
2(8)->Ich->26(9)
22(9)->Gegner->11(10)
11(10)->Ich->33(11)
33(11)->Gegner->3(12)
3(12)->Ich->21(13)
3(12)->Ich->39(13)
21(13)->Gegner->7(14)
7(14)->Ich->35(15)
35(15)->Gegner->5(16)
5(16)->Ich->25(17)
25(17)->Gegner->1(18)
39(13)->Gegner->13(14)
13(14)->Ich->26(15)
26(15)->Gegner->1(16)
26(9)->Gegner->13(10)
13(10)->Ich->39(11)
39(11)->Gegner->3(12)
3(12)->Ich->21(13)
3(12)->Ich->33(13)
21(13)->Gegner->7(14)
7(14)->Ich->35(15)
35(15)->Gegner->5(16)
5(16)->Ich->25(17)
25(17)->Gegner->1(18)
33(13)->Gegner->11(14)
11(14)->Ich->22(15)
22(15)->Gegner->1(16)
18(3)->Gegner->2(4)
18(3)->Gegner->3(4)
18(3)->Gegner->6(4)
18(3)->Gegner->9(4)
2(4)->Ich->22(5)
2(4)->Ich->26(5)
22(5)->Gegner->11(6)
11(6)->Ich->33(7)
33(7)->Gegner->3(8)
3(8)->Ich->21(9)
3(8)->Ich->39(9)
21(9)->Gegner->7(10)
7(10)->Ich->35(11)
35(11)->Gegner->5(12)
5(12)->Ich->25(13)
25(13)->Gegner->1(14)
39(9)->Gegner->13(10)
13(10)->Ich->26(11)
26(11)->Gegner->1(12)
26(5)->Gegner->13(6)
13(6)->Ich->39(7)
39(7)->Gegner->3(8)
3(8)->Ich->21(9)
3(8)->Ich->33(9)
21(9)->Gegner->7(10)
7(10)->Ich->35(11)
35(11)->Gegner->5(12)
5(12)->Ich->25(13)
25(13)->Gegner->1(14)
33(9)->Gegner->11(10)
11(10)->Ich->22(11)
22(11)->Gegner->1(12)
3(4)->Ich->21(5)
3(4)->Ich->33(5)
3(4)->Ich->39(5)
21(5)->Gegner->7(6)
7(6)->Ich->35(7)
35(7)->Gegner->5(8)
5(8)->Ich->25(9)
25(9)->Gegner->1(10)
33(5)->Gegner->11(6)
11(6)->Ich->22(7)
22(7)->Gegner->2(8)
2(8)->Ich->26(9)
26(9)->Gegner->13(10)
13(10)->Ich->39(11)
39(11)->Gegner->1(12)
39(5)->Gegner->13(6)
13(6)->Ich->26(7)
26(7)->Gegner->2(8)
2(8)->Ich->22(9)
22(9)->Gegner->11(10)
11(10)->Ich->33(11)
33(11)->Gegner->1(12)
6(4)->Ich->12(5)
12(5)->Gegner->2(6)
12(5)->Gegner->3(6)
12(5)->Gegner->24(6)
2(6)->Ich->22(7)
2(6)->Ich->26(7)
22(7)->Gegner->11(8)
11(8)->Ich->33(9)
33(9)->Gegner->3(10)
3(10)->Ich->21(11)
3(10)->Ich->39(11)
21(11)->Gegner->7(12)
7(12)->Ich->35(13)
35(13)->Gegner->5(14)
5(14)->Ich->25(15)
25(15)->Gegner->1(16)
39(11)->Gegner->13(12)
13(12)->Ich->26(13)
26(13)->Gegner->1(14)
26(7)->Gegner->13(8)
13(8)->Ich->39(9)
39(9)->Gegner->3(10)
3(10)->Ich->21(11)
3(10)->Ich->33(11)
21(11)->Gegner->7(12)
7(12)->Ich->35(13)
35(13)->Gegner->5(14)
5(14)->Ich->25(15)
25(15)->Gegner->1(16)
33(11)->Gegner->11(12)
11(12)->Ich->22(13)
22(13)->Gegner->1(14)
3(6)->Ich->21(7)
3(6)->Ich->33(7)
3(6)->Ich->39(7)
21(7)->Gegner->7(8)
7(8)->Ich->35(9)
35(9)->Gegner->5(10)
5(10)->Ich->25(11)
25(11)->Gegner->1(12)
33(7)->Gegner->11(8)
11(8)->Ich->22(9)
22(9)->Gegner->2(10)
2(10)->Ich->26(11)
26(11)->Gegner->13(12)
13(12)->Ich->39(13)
39(13)->Gegner->1(14)
39(7)->Gegner->13(8)
13(8)->Ich->26(9)
26(9)->Gegner->2(10)
2(10)->Ich->22(11)
22(11)->Gegner->11(12)
11(12)->Ich->33(13)
33(13)->Gegner->1(14)
24(6)->Ich->8(7)
8(7)->Gegner->2(8)
8(7)->Gegner->16(8)
8(7)->Gegner->32(8)
2(8)->Ich->22(9)
2(8)->Ich->26(9)
22(9)->Gegner->11(10)
11(10)->Ich->33(11)
33(11)->Gegner->3(12)
3(12)->Ich->21(13)
3(12)->Ich->39(13)
21(13)->Gegner->7(14)
7(14)->Ich->35(15)
35(15)->Gegner->5(16)
5(16)->Ich->25(17)
25(17)->Gegner->1(18)
39(13)->Gegner->13(14)
13(14)->Ich->26(15)
26(15)->Gegner->1(16)
26(9)->Gegner->13(10)
13(10)->Ich->39(11)
39(11)->Gegner->3(12)
3(12)->Ich->21(13)
3(12)->Ich->33(13)
21(13)->Gegner->7(14)
7(14)->Ich->35(15)
35(15)->Gegner->5(16)
5(16)->Ich->25(17)
25(17)->Gegner->1(18)
33(13)->Gegner->11(14)
11(14)->Ich->22(15)
22(15)->Gegner->1(16)
16(8)->Ich->32(9)
32(9)->Gegner->2(10)
2(10)->Ich->22(11)
2(10)->Ich->26(11)
22(11)->Gegner->11(12)
11(12)->Ich->33(13)
33(13)->Gegner->3(14)
3(14)->Ich->21(15)
3(14)->Ich->39(15)
21(15)->Gegner->7(16)
7(16)->Ich->35(17)
35(17)->Gegner->5(18)
5(18)->Ich->25(19)
25(19)->Gegner->1(20)
39(15)->Gegner->13(16)
13(16)->Ich->26(17)
26(17)->Gegner->1(18)
26(11)->Gegner->13(12)
13(12)->Ich->39(13)
39(13)->Gegner->3(14)
3(14)->Ich->21(15)
3(14)->Ich->33(15)
21(15)->Gegner->7(16)
7(16)->Ich->35(17)
35(17)->Gegner->5(18)
5(18)->Ich->25(19)
25(19)->Gegner->1(20)
33(15)->Gegner->11(16)
11(16)->Ich->22(17)
22(17)->Gegner->1(18)
32(8)->Ich->16(9)
16(9)->Gegner->2(10)
2(10)->Ich->22(11)
2(10)->Ich->26(11)
22(11)->Gegner->11(12)
11(12)->Ich->33(13)
33(13)->Gegner->3(14)
3(14)->Ich->21(15)
3(14)->Ich->39(15)
21(15)->Gegner->7(16)
7(16)->Ich->35(17)
35(17)->Gegner->5(18)
5(18)->Ich->25(19)
25(19)->Gegner->1(20)
39(15)->Gegner->13(16)
13(16)->Ich->26(17)
26(17)->Gegner->1(18)
26(11)->Gegner->13(12)
13(12)->Ich->39(13)
39(13)->Gegner->3(14)
3(14)->Ich->21(15)
3(14)->Ich->33(15)
21(15)->Gegner->7(16)
7(16)->Ich->35(17)
35(17)->Gegner->5(18)
5(18)->Ich->25(19)
25(19)->Gegner->1(20)
33(15)->Gegner->11(16)
11(16)->Ich->22(17)
22(17)->Gegner->1(18)
9(4)->Ich->27(5)
27(5)->Gegner->3(6)
3(6)->Ich->21(7)
3(6)->Ich->33(7)
3(6)->Ich->39(7)
21(7)->Gegner->7(8)
7(8)->Ich->35(9)
35(9)->Gegner->5(10)
5(10)->Ich->25(11)
25(11)->Gegner->1(12)
33(7)->Gegner->11(8)
11(8)->Ich->22(9)
22(9)->Gegner->2(10)
2(10)->Ich->26(11)
26(11)->Gegner->13(12)
13(12)->Ich->39(13)
39(13)->Gegner->1(14)
39(7)->Gegner->13(8)
13(8)->Ich->26(9)
26(9)->Gegner->2(10)
2(10)->Ich->22(11)
22(11)->Gegner->11(12)
11(12)->Ich->33(13)
33(13)->Gegner->1(14)
